2
2
3
3
5
5
7
8
16
16
17
18
20
21
23
24
24
25
27
28
28
29
29
32
33
33
34
34
35
37
38
38
38
39
42
42
43
44
45
46
49
50
50
51
51
52
53
53
53
54
55
55
56
57
58
58
58
58
61
62
63
64
64
67
67
68
68
69
71
71
71
72
72
72
72
75
76
77
77
79
81
82
82
82
82
83
84
85
86
86
87
88
89
92
92
93
95
95
97
98
102
104
105
107
107
107
108
108
108
109
109
109
110
113
115
115
117
117
117
117
119
120
120
121
124
126
126
127
130
131
132
133
134
137
138
138
139
142
142
149
150
152
153
157
158
158
159
163
166
168
169
170
172
173
174
175
175
178
178
180
181
181
181
182
182
184
184
186
187
187
190
191
193
195
196
197
198
198
198
199
199
201
201
202
202
203
206
206
207
208
209
211
211
211
212
216
216
216
218
218
222
222
222
223
225
226
227
227
228
228
230
232
232
233
236
237
238
239
239
239
240
243
245
247
248
248
249
250
250
251
253
253
253
254
255
256
257
257
259
259
260
263
266
267
268
268
268
269
269
271
272
272
272
273
273
273
276
277
277
278
279
279
280
283
284
285
285
286
287
289
289
290
291
291
292
295
297
298
298
300
302
303
303
304
305
307
308
309
309
311
311
311
312
312
314
314
315
317
318
320
321
322
323
324
325
326
326
327
328
330
332
335
336
338
340
341
343
343
344
345
345
345
347
350
350
350
351
351
352
352
353
355
355
355
356
356
357
357
359
360
361
362
365
367
368
369
371
372
373
374
375
376
376
377
377
377
378
380
381
381
382
382
383
383
384
387
387
388
390
393
393
394
394
394
394
396
396
398
402
403
404
405
405
405
406
408
408
408
408
408
409
409
409
413
415
416
418
418
418
418
419
419
421
423
423
424
424
425
425
430
431
431
431
432
434
435
435
436
437
440
441
442
442
443
444
445
447
448
448
449
450
451
452
452
452
453
455
455
460
460
461
461
461
463
463
466
468
468
470
472
473
474
475
475
479
480
481
482
482
484
485
485
487
487
488
488
488
489
489
489
491
491
492
493
495
496
496
498
499
501
501
502
502
504
504
505
505
505
505
506
506
507
508
508
509
509
510
511
511
512
513
517
517
518
519
520
520
521
521
525
526
526
527
527
527
528
529
529
530
531
535
537
538
538
539
540
541
542
544
544
545
546
547
547
550
550
551
552
554
555
555
555
555
555
556
556
558
559
559
560
562
564
564
565
566
567
567
570
571
571
571
572
573
573
574
574
576
579
579
580
582
582
584
585
586
586
587
587
587
587
588
588
589
590
590
591
591
592
595
595
596
597
598
598
600
600
600
601
602
603
605
607
607
608
611
613
614
614
614
615
615
616
617
617
619
619
621
622
627
628
631
631
631
631
632
635
635
636
637
638
638
640
640
640
640
641
641
643
643
643
644
644
645
646
646
647
649
649
649
650
650
651
655
655
656
657
658
659
660
660
660
660
661
661
662
664
664
666
667
668
669
673
674
678
679
679
681
681
681
683
685
685
685
686
686
686
687
690
690
691
691
692
693
693
694
694
694
695
696
696
697
700
703
704
705
706
706
708
709
711
715
716
716
717
717
718
718
720
722
722
723
724
724
726
727
727
727
728
729
729
729
730
730
734
734
736
736
736
739
740
740
740
743
746
746
746
747
749
751
751
752
754
755
755
755
759
761
763
764
764
766
767
767
768
768
768
769
771
771
776
776
777
778
779
780
780
784
785
786
786
787
787
788
791
791
793
793
794
794
794
794
796
796
797
798
798
799
799
800
800
801
801
802
802
805
806
808
808
809
809
810
811
813
813
813
814
817
818
819
820
824
825
826
826
827
827
827
828
829
829
829
829
830
836
837
840
840
842
846
846
847
847
848
848
848
849
849
851
851
857
857
859
859
859
860
860
861
862
865
866
866
867
867
869
869
870
870
870
871
871
874
875
875
875
875
876
876
877
878
878
879
880
881
881
882
882
883
883
884
884
884
884
885
886
886
887
888
889
890
891
891
892
895
896
897
898
899
899
900
900
901
901
901
902
903
906
908
908
909
910
910
910
911
914
915
918
919
919
919
921
922
924
925
925
926
927
927
928
929
929
932
933
934
935
936
937
937
937
938
939
939
940
941
946
947
947
947
949
952
957
961
962
963
965
966
967
969
970
971
972
974
975
975
976
977
978
979
979
981
981
983
983
983
984
987
987
988
989
989
989
990
990
994
994
995
996
996
996
997
998
999
999
1000
1000
1000
1003
1003
1006
1006
1008
1008
1009
1010
1012
1012
1013
1015
1016
1018
1022
1024
1028
1028
1028
1028
1031
1032
1033
1035
1036
1036
1036
1039
1040
1040
1042
1043
1043
1043
1044
1046
1050
1052
1054
1055
1058
1059
1061
1062
1062
1063
1064
1065
1065
1065
1066
1067
1068
1068
1069
1070
1070
1072
1075
1077
1078
1078
1079
1079
1080
1081
1083
1084
1084
1085
1088
1088
1088
1090
1093
1093
1094
1095
1095
1097
1097
1098
1098
1099
1099
1099
1099
1099
1099
1100
1103
1103
1103
1104
1104
1104
1105
1106
1106
1107
1107
1107
1110
1112
1112
1114
1114
1115
1115
1116
1118
1119
1120
1121
1123
1124
1126
1126
1127
1128
1129
1129
1130
1131
1132
1132
1134
1134
1135
1136
1136
1137
1137
1139
1142
1143
1145
1148
1148
1148
1148
1149
1149
1150
1151
1151
1152
1152
1152
1153
1154
1154
1154
1155
1157
1158
1159
1160
1162
1164
1164
1164
1166
1166
1166
1168
1168
1168
1168
1169
1169
1169
1171
1172
1172
1175
1175
1176
1178
1178
1178
1178
1178
1179
1181
1183
1183
1183
1187
1189
1194
1195
1195
1196
1200
1200
1202
1202
1203
1204
1206
1207
1207
1209
1210
1211
1211
1211
1212
1214
1215
1215
1215
1216
1218
1220
1221
1222
1222
1222
1225
1225
1226
1227
1228
1229
1230
1230
1231
1232
1234
1236
1239
1241
1242
1244
1244
1244
1247
1248
1248
1249
1249
1251
1251
1255
1255
1258
1258
1261
1262
1263
1263
1263
1265
1266
1267
1267
1267
1269
1270
1274
1276
1277
1278
1278
1278
1279
1279
1279
1280
1280
1281
1281
1281
1284
1284
1286
1287
1289
1290
1292
1293
1295
1297
1297
1298
1299
1300
1300
1301
1303
1304
1305
1305
1306
1307
1308
1308
1309
1313
1315
1316
1316
1316
1317
1318
1318
1319
1320
1320
1321
1321
1322
1323
1325
1327
1328
1328
1328
1331
1332
1332
1336
1338
1339
1340
1340
1340
1340
1341
1341
1342
1344
1345
1346
1349
1349
1351
1353
1354
1354
1355
1356
1356
1356
1356
1356
1356
1357
1359
1360
1360
1363
1365
1365
1367
1369
1369
1369
1370
1370
1371
1374
1375
1376
1376
1377
1378
1378
1379
1380
1380
1384
1388
1388
1392
1392
1392
1393
1400
1404
1404
1404
1405
1405
1405
1407
1407
1408
1409
1411
1412
1413
1413
1414
1416
1416
1417
1419
1421
1421
1421
1422
1426
1427
1429
1430
1432
1432
1433
1433
1435
1437
1437
1438
1438
1441
1445
1446
1448
1450
1450
1452
1454
1454
1457
1457
1458
1458
1459
1460
1463
1465
1466
1468
1468
1468
1468
1471
1471
1472
1473
1473
1473
1474
1475
1476
1477
1478
1482
1484
1484
1484
1485
1486
1488
1489
1490
1491
1492
1493
1494
1495
1496
1498
1499
1500
1502
1503
1505
1506
1506
1506
1507
1512
1513
1514
1514
1516
1517
1518
1518
1519
1521
1522
1522
1522
1522
1523
1526
1526
1527
1529
1530
1531
1533
1534
1534
1535
1535
1536
1536
1539
1541
1541
1542
1542
1542
1542
1542
1543
1543
1543
1546
1546
1546
1547
1550
1551
1551
1551
1552
1552
1554
1554
1557
1557
1559
1560
1561
1561
1561
1562
1563
1564
1564
1565
1566
1567
1567
1567
1568
1569
1569
1573
1574
1574
1575
1576
1577
1578
1579
1581
1581
1582
1582
1583
1586
1586
1586
1587
1587
1588
1589
1590
1590
1590
1590
1591
1593
1593
1595
1596
1596
1596
1598
1599
1599
1600
1601
1603
1603
1604
1605
1606
1610
1610
1613
1614
1614
1614
1615
1615
1615
1616
1617
1617
1617
1618
1619
1619
1620
1622
1624
1625
1627
1628
1628
1628
1629
1632
1640
1640
1641
1642
1643
1643
1644
1645
1646
1648
1648
1649
1649
1649
1650
1650
1650
1653
1654
1654
1655
1657
1657
1658
1660
1661
1662
1663
1663
1664
1664
1664
1667
1667
1667
1668
1668
1669
1669
1670
1672
1673
1673
1674
1674
1674
1675
1675
1676
1676
1677
1677
1681
1681
1682
1682
1683
1683
1683
1685
1685
1686
1686
1689
1690
1691
1691
1691
1691
1692
1692
1693
1693
1694
1696
1697
1698
1698
1699
1700
1700
1701
1701
1704
1706
1707
1707
1708
1709
1709
1709
1711
1711
1711
1712
1712
1713
1713
1719
1720
1722
1722
1723
1723
1723
1724
1725
1726
1728
1729
1730
1730
1730
1731
1733
1734
1734
1735
1737
1737
1737
1738
1739
1740
1740
1742
1743
1744
1745
1746
1746
1746
1748
1750
1751
1751
1752
1758
1758
1758
1758
1759
1760
1761
1763
1764
1764
1764
1765
1765
1766
1766
1767
1767
1767
1768
1769
1769
1769
1774
1774
1775
1775
1775
1776
1778
1780
1780
1781
1782
1782
1783
1783
1784
1784
1788
1788
1789
1791
1793
1794
1794
1795
1795
1796
1797
1797
1798
1798
1798
1798
1799
1800
1802
1802
1803
1804
1805
1805
1806
1806
1806
1807
1807
1807
1811
1811
1811
1813
1814
1815
1817
1818
1820
1820
1820
1820
1821
1821
1822
1822
1823
1824
1826
1826
1827
1827
1828
1829
1831
1831
1832
1832
1833
1834
1835
1836
1836
1836
1837
1837
1839
1841
1841
1845
1845
1845
1845
1847
1848
1849
1850
1851
1852
1853
1853
1855
1855
1855
1856
1856
1858
1858
1860
1860
1860
1863
1864
1865
1865
1866
1866
1867
1867
1867
1869
1870
1870
1871
1871
1871
1871
1871
1873
1874
1874
1875
1876
1876
1877
1877
1878
1878
1879
1879
1881
1882
1884
1884
1885
1887
1888
1889
1889
1890
1891
1891
1892
1895
1897
1897
1898
1899
1901
1902
1903
1903
1905
1907
1909
1911
1912
1912
1913
1914
1915
1915
1916
1916
1917
1918
1918
1919
1920
1920
1920
1921
1922
1922
1926
1930
1930
1934
1935
1935
1936
1936
1937
1941
1942
1944
1947
1949
1950
1951
1951
1952
1953
1953
1954
1954
1956
1957
1958
1958
1959
1959
1961
1961
1961
1961
1962
1962
1965
1965
1966
1966
1966
1967
1969
1970
1970
1970
1971
1971
1972
1974
1975
1977
1979
1980
1980
1980
1982
1983
1984
1985
1985
1986
1986
1986
1987
1987
1987
1988
1988
1988
1988
1989
1991
1992
1993
1994
1994
1994
1994
1994
1995
1996
1998
1998
1999
2000
2000
2001
2001
2006
2007
2008
2008
2008
2009
2011
2011
2012
2014
2018
2019
2020
2020
2025
2025
2025
2025
2027
2030
2033
2034
2035
2036
2037
2037
2039
2040
2042
2042
2043
2043
2044
2044
2044
2045
2047
2048
2048
2049
2050
2052
2052
2053
2056
2059
2059
2061
2061
2062
2062
2062
2064
2065
2065
2067
2067
2068
2068
2070
2071
2071
2071
2073
2075
2075
2076
2076
2077
2077
2078
2079
2080
2080
2080
2080
2082
2084
2084
2086
2087
2088
2091
2093
2093
2094
2094
2095
2097
2104
2105
2107
2107
2107
2107
2108
2109
2109
2110
2114
2114
2116
2117
2117
2117
2118
2120
2121
2122
2123
2124
2124
2125
2125
2125
2126
2126
2130
2132
2132
2132
2132
2134
2134
2136
2137
2140
2140
2146
2146
2147
2151
2151
2151
2154
2156
2157
2159
2160
2160
2161
2161
2161
2162
2163
2163
2164
2165
2167
2168
2168
2168
2169
2170
2170
2170
2171
2171
2176
2177
2179
2180
2181
2181
2182
2182
2183
2184
2187
2189
2189
2190
2190
2191
2192
2192
2195
2197
2197
2197
2198
2199
2200
2200
2202
2204
2207
2207
2209
2209
2209
2210
2210
2213
2213
2215
2216
2219
2219
2220
2225
2227
2228
2229
2229
2230
2231
2232
2232
2232
2233
2234
2235
2238
2238
2240
2240
2241
2242
2245
2245
2246
2246
2247
2250
2250
2251
2253
2253
2257
2257
2262
2263
2264
2265
2267
2267
2268
2271
2271
2271
2273
2274
2274
2275
2276
2278
2278
2279
2279
2280
2280
2280
2281
2283
2284
2285
2285
2286
2287
2288
2293
2293
2293
2294
2294
2294
2295
2296
2297
2298
2298
2298
2300
2301
2301
2302
2303
2304
2304
2305
2306
2307
2309
2310
2310
2311
2313
2314
2314
2316
2317
2317
2317
2318
2321
2323
2324
2326
2326
2326
2327
2329
2332
2333
2333
2334
2334
2338
2340
2341
2343
2344
2346
2346
2347
2347
2348
2348
2349
2349
2349
2350
2350
2350
2351
2351
2352
2354
2355
2359
2361
2361
2362
2362
2363
2363
2363
2365
2366
2367
2368
2369
2372
2374
2379
2379
2380
2381
2381
2382
2382
2382
2385
2385
2386
2387
2387
2389
2389
2389
2389
2390
2392
2395
2400
2400
2401
2401
2402
2402
2402
2404
2404
2405
2406
2408
2408
2409
2409
2410
2411
2412
2414
2416
2417
2418
2418
2419
2424
2425
2426
2427
2427
2428
2431
2431
2431
2433
2433
2433
2435
2437
2437
2437
2437
2441
2442
2442
2445
2446
2446
2447
2447
2449
2449
2450
2450
2451
2451
2452
2453
2453
2455
2455
2457
2459
2460
2460
2462
2463
2463
2464
2464
2465
2466
2468
2469
2469
2470
2471
2472
2472
2473
2475
2476
2477
2477
2479
2481
2483
2483
2483
2488
2489
2490
2490
2491
2492
2495
2496
2497
2498
2498
2498
2500
2500
2501
2501
2502
2502
2502
2504
2504
2505
2506
2506
2507
2508
2509
2509
2509
2512
2515
2516
2517
2518
2519
2520
2521
2521
2523
2525
2526
2529
2529
2531
2531
2534
2534
2534
2534
2535
2536
2536
2538
2538
2539
2539
2539
2539
2540
2542
2542
2545
2545
2545
2547
2547
2547
2549
2550
2551
2551
2553
2554
2555
2555
2556
2557
2557
2557
2557
2557
2557
2558
2558
2559
2559
2561
2562
2563
2563
2563
2565
2566
2568
2569
2569
2569
2570
2573
2574
2574
2575
2576
2577
2578
2578
2581
2583
2584
2584
2588
2588
2591
2592
2593
2595
2595
2595
2599
2599
2600
2600
2601
2601
2602
2606
2606
2606
2607
2607
2607
2609
2616
2618
2618
2619
2620
2622
2623
2623
2623
2626
2631
2633
2634
2634
2635
2636
2636
2641
2642
2642
2643
2643
2644
2644
2644
2645
2645
2646
2646
2649
2650
2651
2651
2654
2655
2657
2658
2658
2658
2659
2661
2662
2663
2663
2666
2666
2666
2670
2672
2672
2673
2673
2674
2674
2676
2680
2683
2684
2685
2685
2685
2686
2687
2690
2691
2692
2697
2698
2699
2701
2702
2702
2703
2706
2707
2707
2707
2708
2709
2709
2710
2712
2713
2716
2716
2716
2717
2718
2719
2721
2722
2722
2724
2725
2727
2727
2727
2730
2731
2731
2731
2731
2731
2733
2734
2734
2738
2739
2742
2744
2746
2749
2751
2753
2753
2755
2756
2756
2757
2758
2758
2760
2760
2762
2763
2764
2764
2765
2766
2767
2768
2768
2769
2772
2773
2778
2779
2779
2779
2782
2783
2783
2785
2787
2787
2788
2788
2790
2791
2791
2791
2794
2795
2797
2804
2804
2805
2808
2808
2809
2809
2809
2810
2811
2812
2812
2814
2816
2816
2817
2819
2820
2821
2821
2821
2822
2823
2824
2825
2826
2827
2829
2831
2836
2836
2836
2841
2841
2843
2844
2844
2845
2848
2848
2851
2853
2854
2855
2855
2856
2857
2857
2858
2859
2860
2860
2860
2861
2862
2862
2863
2863
2864
2865
2867
2868
2868
2868
2870
2873
2874
2876
2878
2879
2880
2880
2881
2881
2881
2881
2883
2884
2884
2885
2886
2888
2888
2890
2890
2891
2891
2892
2893
2894
2894
2895
2897
2900
2902
2902
2902
2903
2903
2903
2904
2905
2905
2905
2906
2907
2909
2910
2912
2914
2914
2914
2915
2917
2918
2923
2924
2926
2927
2930
2931
2931
2932
2933
2936
2939
2940
2940
2942
2942
2944
2945
2945
2945
2945
2946
2948
2948
2949
2949
2952
2952
2952
2955
2955
2956
2957
2961
2962
2963
2964
2965
2966
2969
2969
2970
2970
2972
2972
2972
2972
2973
2973
2973
2974
2974
2975
2975
2975
2978
2979
2980
2981
2981
2981
2983
2985
2985
2987
2990
2991
2993
2993
2993
2994
2996
2996
2997
2998
2999
3000
3001
3002
3003
3003
3005
3005
3005
3006
3007
3008
3008
3008
3009
3011
3015
3017
3017
3020
3020
3022
3022
3024
3025
3026
3027
3027
3027
3027
3028
3028
3028
3029
3030
3033
3033
3034
3034
3034
3035
3035
3035
3036
3037
3038
3040
3041
3041
3041
3042
3042
3045
3045
3048
3049
3051
3052
3053
3054
3055
3055
3058
3062
3067
3068
3069
3069
3071
3073
3073
3075
3081
3083
3084
3084
3086
3089
3090
3091
3091
3092
3094
3095
3097
3099
3099
3100
3100
3103
3105
3105
3106
3106
3108
3109
3109
3110
3111
3112
3115
3115
3117
3118
3120
3121
3122
3124
3126
3127
3127
3128
3131
3132
3132
3134
3136
3136
3138
3139
3145
3146
3148
3149
3149
3149
3151
3154
3155
3156
3156
3158
3159
3160
3161
3161
3162
3163
3164
3165
3165
3168
3170
3173
3174
3174
3175
3177
3179
3179
3180
3181
3182
3182
3183
3185
3187
3188
3188
3189
3190
3190
3190
3191
3192
3192
3193
3194
3195
3196
3197
3198
3198
3199
3199
3200
3200
3201
3203
3204
3204
3204
3205
3205
3205
3206
3206
3208
3209
3209
3213
3213
3215
3216
3217
3217
3217
3218
3220
3223
3224
3226
3226
3227
3227
3227
3228
3228
3229
3229
3230
3230
3230
3231
3232
3232
3234
3235
3236
3236
3236
3237
3239
3239
3242
3242
3243
3244
3245
3245
3245
3249
3249
3249
3251
3254
3255
3255
3257
3257
3258
3258
3258
3259
3260
3262
3262
3263
3263
3263
3263
3264
3267
3267
3269
3269
3271
3272
3272
3273
3276
3277
3278
3280
3281
3282
3282
3282
3283
3284
3284
3286
3286
3286
3288
3292
3292
3293
3294
3294
3295
3297
3298
3298
3299
3309
3309
3310
3313
3313
3314
3318
3318
3319
3319
3322
3323
3324
3324
3324
3325
3326
3326
3326
3327
3327
3328
3328
3330
3330
3331
3332
3332
3332
3333
3334
3334
3337
3337
3338
3338
3338
3338
3338
3338
3339
3341
3341
3342
3343
3347
3348
3349
3352
3353
3353
3353
3353
3354
3357
3357
3358
3359
3359
3360
3362
3368
3368
3368
3369
3371
3372
3372
3372
3373
3373
3374
3375
3376
3377
3378
3378
3381
3382
3382
3383
3384
3384
3385
3385
3386
3387
3389
3389
3390
3390
3390
3391
3392
3392
3393
3394
3394
3398
3399
3399
3400
3401
3403
3403
3404
3406
3407
3407
3408
3410
3411
3412
3413
3419
3419
3420
3422
3423
3424
3424
3429
3431
3431
3432
3433
3434
3434
3436
3436
3436
3440
3440
3441
3441
3443
3443
3444
3446
3447
3448
3449
3451
3451
3451
3453
3453
3454
3455
3456
3458
3458
3459
3459
3459
3459
3460
3461
3462
3466
3468
3471
3471
3472
3472
3473
3474
3476
3476
3478
3478
3478
3478
3479
3480
3480
3480
3480
3481
3481
3483
3485
3486
3490
3490
3491
3492
3493
3494
3497
3498
3499
3501
3505
3508
3509
3511
3511
3511
3513
3514
3514
3514
3514
3514
3515
3523
3524
3524
3526
3526
3527
3528
3528
3528
3529
3529
3530
3530
3531
3532
3532
3532
3532
3533
3535
3537
3538
3538
3539
3540
3541
3541
3542
3543
3544
3545
3546
3547
3547
3547
3548
3550
3551
3551
3552
3552
3552
3554
3554
3557
3558
3559
3561
3563
3563
3566
3567
3567
3567
3567
3567
3567
3571
3571
3576
3576
3576
3576
3577
3578
3580
3582
3582
3583
3584
3584
3586
3587
3587
3588
3589
3589
3590
3590
3591
3592
3593
3594
3596
3599
3600
3602
3605
3605
3606
3607
3608
3611
3612
3613
3614
3615
3617
3617
3617
3620
3621
3621
3622
3624
3625
3627
3627
3630
3631
3631
3631
3631
3632
3633
3633
3634
3634
3634
3635
3636
3636
3638
3639
3640
3642
3646
3647
3649
3651
3651
3652
3652
3653
3653
3653
3656
3658
3658
3661
3661
3661
3662
3662
3662
3663
3664
3665
3666
3667
3668
3669
3670
3670
3671
3672
3673
3675
3675
3675
3676
3677
3680
3681
3681
3683
3683
3684
3684
3687
3687
3687
3690
3693
3694
3697
3699
3701
3704
3705
3705
3706
3706
3708
3708
3709
3710
3710
3711
3714
3714
3714
3717
3717
3717
3717
3718
3718
3727
3727
3728
3729
3729
3731
3732
3734
3734
3737
3737
3737
3738
3739
3739
3739
3740
3741
3741
3743
3743
3745
3747
3749
3750
3751
3751
3757
3757
3758
3759
3759
3761
3762
3763
3763
3764
3764
3765
3766
3766
3768
3769
3770
3771
3772
3773
3773
3773
3774
3774
3774
3776
3776
3779
3779
3779
3780
3781
3782
3784
3786
3787
3788
3788
3790
3792
3792
3793
3794
3795
3795
3800
3803
3804
3804
3804
3806
3806
3807
3809
3809
3810
3810
3812
3816
3816
3816
3816
3817
3817
3818
3821
3823
3824
3825
3825
3826
3828
3828
3828
3831
3831
3831
3831
3832
3834
3834
3835
3836
3836
3837
3837
3838
3839
3840
3840
3840
3840
3841
3841
3843
3843
3843
3843
3844
3844
3844
3847
3847
3849
3849
3850
3851
3851
3851
3853
3856
3858
3859
3860
3861
3863
3863
3864
3865
3866
3869
3871
3872
3873
3873
3875
3878
3879
3879
3880
3880
3882
3883
3884
3885
3885
3888
3890
3891
3891
3893
3894
3894
3895
3896
3896
3896
3897
3900
3901
3902
3905
3905
3906
3907
3907
3908
3909
3910
3912
3912
3912
3914
3916
3916
3918
3919
3922
3923
3926
3927
3927
3928
3928
3929
3930
3932
3934
3936
3936
3937
3938
3939
3939
3939
3941
3942
3943
3944
3944
3944
3945
3947
3947
3951
3951
3952
3953
3953
3955
3955
3956
3957
3957
3958
3958
3958
3960
3960
3961
3961
3964
3967
3969
3969
3972
3974
3975
3976
3978
3979
3981
3981
3981
3981
3981
3986
3987
3991
3992
3993
3993
3994
3997
3997
3998
4000
4002
4002
4003
4004
4004
4006
4006
4006
4008
4008
4009
4009
4009
4009
4009
4009
4011
4011
4011
4012
4014
4014
4014
4014
4015
4015
4015
4017
4017
4018
4020
4022
4023
4023
4024
4024
4024
4025
4028
4028
4028
4029
4029
4030
4031
4032
4034
4037
4039
4040
4041
4041
4042
4042
4042
4042
4043
4044
4046
4047
4049
4050
4050
4051
4052
4053
4053
4054
4055
4055
4055
4057
4057
4058
4058
4061
4063
4068
4069
4069
4069
4071
4071
4071
4074
4078
4078
4079
4079
4080
4081
4082
4084
4084
4084
4085
4087
4088
4090
4090
4090
4091
4093
4094
4094
4097
4097
4097
4098
4099
4102
4104
4104
4104
4105
4105
4105
4105
4106
4106
4106
4109
4112
4112
4113
4116
4116
4116
4116
4117
4117
4117
4119
4120
4121
4121
4122
4122
4123
4123
4126
4127
4127
4131
4131
4132
4134
4135
4136
4136
4137
4137
4139
4139
4141
4141
4142
4143
4143
4143
4144
4144
4144
4147
4147
4147
4147
4148
4150
4150
4152
4152
4153
4153
4153
4154
4157
4158
4161
4161
4167
4167
4168
4168
4169
4169
4171
4173
4174
4176
4178
4180
4181
4184
4184
4185
4185
4186
4187
4189
4189
4190
4191
4191
4192
4195
4196
4197
4198
4199
4199
4200
4201
4202
4202
4202
4206
4207
4208
4208
4208
4210
4212
4216
4216
4216
4217
4218
4221
4224
4224
4225
4226
4227
4227
4229
4230
4231
4233
4234
4234
4236
4236
4236
4237
4238
4238
4239
4240
4240
4240
4240
4242
4243
4243
4244
4249
4249
4249
4250
4251
4253
4255
4258
4259
4259
4260
4260
4261
4262
4263
4263
4263
4268
4269
4269
4270
4270
4273
4274
4276
4279
4280
4280
4281
4282
4284
4284
4284
4284
4289
4289
4291
4293
4296
4299
4300
4301
4301
4301
4302
4303
4303
4303
4304
4306
4307
4309
4309
4309
4310
4310
4312
4313
4314
4315
4316
4316
4317
4319
4321
4321
4322
4323
4325
4326
4329
4329
4331
4331
4334
4334
4336
4337
4338
4339
4340
4340
4340
4341
4341
4341
4343
4343
4344
4344
4345
4348
4349
4349
4351
4354
4355
4356
4356
4357
4357
4357
4357
4359
4360
4360
4361
4362
4365
4367
4369
4370
4371
4372
4373
4373
4374
4375
4376
4376
4377
4378
4378
4378
4379
4381
4383
4383
4383
4383
4385
4387
4387
4388
4388
4389
4389
4389
4391
4394
4395
4399
4401
4401
4401
4403
4406
4406
4409
4411
4412
4412
4413
4414
4416
4418
4418
4419
4420
4420
4421
4424
4425
4426
4427
4428
4429
4431
4431
4432
4433
4435
4435
4436
4437
4438
4440
4441
4443
4443
4444
4446
4448
4448
4450
4451
4452
4453
4455
4455
4456
4458
4460
4460
4461
4462
4462
4463
4464
4465
4465
4465
4465
4466
4467
4467
4468
4469
4475
4476
4477
4478
4479
4481
4482
4484
4484
4487
4489
4489
4489
4490
4493
4493
4494
4496
4496
4496
4497
4497
4497
4498
4498
4498
4498
4499
4499
4500
4500
4500
4500
4502
4502
4503
4503
4503
4505
4505
4506
4506
4508
4510
4511
4512
4512
4515
4515
4516
4516
4516
4516
4517
4518
4519
4520
4520
4520
4520
4520
4521
4523
4524
4524
4524
4527
4528
4529
4529
4530
4530
4531
4532
4533
4533
4534
4535
4536
4537
4539
4540
4541
4542
4542
4544
4545
4546
4547
4548
4548
4549
4550
4550
4552
4554
4554
4555
4556
4556
4557
4558
4560
4560
4560
4561
4562
4562
4563
4565
4566
4567
4567
4568
4570
4571
4572
4573
4573
4574
4574
4575
4575
4577
4578
4578
4579
4579
4580
4580
4581
4582
4584
4590
4591
4591
4593
4594
4594
4595
4598
4599
4601
4603
4603
4603
4605
4605
4605
4606
4606
4607
4608
4608
4609
4610
4611
4611
4612
4613
4614
4614
4617
4618
4618
4618
4619
4619
4620
4620
4622
4625
4627
4627
4627
4628
4629
4631
4632
4632
4633
4633
4635
4635
4635
4635
4637
4638
4639
4639
4642
4642
4644
4644
4646
4647
4649
4649
4649
4650
4650
4650
4650
4651
4652
4652
4653
4654
4655
4656
4658
4658
4661
4663
4664
4664
4665
4669
4669
4669
4669
4670
4670
4670
4672
4672
4673
4673
4674
4675
4678
4679
4679
4680
4681
4682
4684
4684
4685
4685
4686
4687
4687
4687
4688
4688
4690
4691
4691
4692
4694
4694
4698
4698
4699
4700
4702
4702
4702
4706
4706
4706
4707
4710
4712
4715
4715
4715
4716
4716
4716
4717
4718
4718
4718
4719
4719
4720
4722
4723
4723
4723
4723
4725
4726
4726
4727
4727
4728
4729
4731
4731
4731
4731
4732
4732
4733
4733
4734
4734
4735
4735
4738
4739
4740
4741
4742
4743
4744
4744
4744
4744
4745
4745
4746
4748
4750
4752
4753
4754
4755
4755
4756
4756
4757
4759
4761
4761
4761
4762
4763
4764
4764
4766
4766
4767
4768
4770
4771
4771
4772
4774
4774
4774
4775
4776
4776
4776
4777
4778
4778
4779
4779
4781
4784
4784
4786
4786
4787
4787
4789
4790
4792
4793
4794
4794
4794
4796
4796
4799
4800
4801
4803
4803
4804
4807
4808
4809
4811
4814
4815
4816
4817
4818
4818
4819
4820
4820
4820
4821
4822
4822
4823
4823
4823
4823
4824
4824
4825
4827
4828
4829
4832
4833
4834
4835
4837
4837
4838
4838
4840
4841
4842
4843
4846
4846
4847
4849
4850
4850
4852
4853
4856
4859
4860
4860
4861
4864
4864
4866
4867
4868
4869
4869
4870
4871
4872
4874
4876
4877
4877
4877
4878
4878
4880
4881
4881
4882
4882
4882
4885
4886
4887
4887
4890
4891
4892
4892
4893
4893
4897
4897
4898
4899
4900
4900
4900
4902
4902
4903
4905
4906
4906
4906
4909
4911
4912
4913
4914
4914
4915
4916
4916
4918
4918
4918
4920
4921
4921
4925
4926
4926
4927
4929
4929
4930
4931
4933
4934
4935
4936
4940
4941
4941
4943
4945
4946
4947
4948
4948
4950
4950
4950
4952
4952
4952
4954
4955
4955
4957
4957
4957
4959
4960
4960
4961
4961
4962
4962
4962
4963
4963
4963
4963
4964
4965
4966
4966
4966
4967
4969
4969
4969
4971
4971
4972
4973
4975
4976
4977
4977
4979
4980
4980
4980
4982
4985
4985
4986
4986
4989
4991
4992
4993
4994
4995
4996
4997
4997
4998
4999
5000
5002
5002
5004
5004
5005
5005
5005
5005
5006
5007
5010
5012
5013
5014
5014
5016
5016
5017
5017
5018
5023
5024
5024
5025
5027
5028
5028
5030
5031
5031
5033
5033
5034
5035
5035
5036
5039
5040
5040
5041
5043
5043
5044
5045
5046
5046
5046
5046
5046
5047
5047
5047
5050
5051
5052
5054
5054
5055
5055
5055
5059
5059
5060
5060
5061
5062
5064
5064
5065
5068
5068
5068
5070
5071
5072
5073
5074
5074
5076
5076
5078
5078
5079
5079
5079
5081
5081
5082
5082
5083
5084
5084
5085
5087
5087
5088
5089
5089
5089
5092
5092
5092
5093
5093
5094
5094
5095
5095
5095
5095
5098
5100
5100
5100
5101
5103
5103
5106
5108
5108
5111
5111
5112
5113
5116
5116
5117
5118
5120
5120
5121
5121
5122
5123
5125
5125
5126
5126
5126
5126
5129
5131
5133
5134
5134
5135
5135
5136
5139
5140
5141
5142
5145
5146
5146
5147
5147
5150
5150
5151
5152
5156
5157
5158
5159
5160
5161
5161
5163
5163
5164
5164
5164
5165
5165
5165
5166
5167
5167
5167
5167
5168
5168
5168
5170
5171
5171
5172
5172
5174
5175
5177
5181
5181
5186
5186
5187
5188
5189
5189
5190
5191
5192
5193
5193
5193
5194
5196
5198
5198
5199
5200
5200
5201
5201
5201
5202
5202
5205
5206
5206
5207
5207
5207
5210
5210
5211
5211
5212
5212
5214
5214
5216
5216
5216
5217
5217
5219
5219
5220
5220
5220
5223
5224
5224
5226
5227
5227
5227
5228
5228
5229
5231
5231
5233
5233
5234
5234
5235
5235
5236
5238
5238
5241
5241
5243
5244
5245
5248
5248
5251
5251
5252
5252
5253
5254
5255
5256
5256
5256
5256
5258
5259
5259
5262
5263
5264
5264
5266
5266
5266
5267
5267
5267
5268
5268
5269
5270
5272
5272
5275
5275
5276
5276
5277
5277
5277
5278
5281
5281
5282
5285
5287
5288
5289
5289
5292
5292
5294
5294
5295
5295
5296
5297
5298
5298
5301
5301
5302
5302
5303
5303
5304
5304
5304
5305
5305
5306
5307
5307
5309
5311
5313
5313
5314
5315
5315
5316
5319
5319
5320
5321
5321
5321
5322
5324
5324
5324
5325
5326
5327
5330
5331
5333
5334
5334
5334
5336
5337
5340
5341
5342
5343
5344
5345
5345
5345
5346
5347
5349
5350
5352
5352
5353
5356
5356
5356
5357
5357
5358
5358
5362
5364
5366
5366
5367
5368
5370
5371
5371
5372
5372
5372
5374
5375
5375
5376
5380
5383
5383
5383
5387
5388
5388
5389
5390
5392
5394
5395
5395
5396
5399
5399
5402
5402
5403
5405
5405
5406
5407
5408
5408
5408
5409
5409
5411
5411
5412
5413
5413
5414
5414
5414
5414
5415
5415
5416
5418
5418
5418
5419
5419
5419
5421
5421
5422
5423
5423
5423
5424
5424
5424
5425
5426
5426
5428
5428
5428
5428
5430
5433
5433
5435
5435
5435
5436
5438
5439
5439
5439
5439
5439
5440
5441
5441
5442
5445
5448
5448
5449
5450
5450
5452
5452
5452
5453
5454
5456
5456
5459
5463
5463
5464
5465
5466
5467
5468
5470
5473
5473
5473
5474
5474
5475
5475
5476
5477
5478
5478
5478
5480
5480
5480
5480
5482
5484
5485
5487
5487
5488
5489
5491
5493
5494
5496
5497
5498
5499
5499
5501
5502
5502
5504
5505
5505
5506
5506
5507
5509
5509
5509
5511
5513
5514
5516
5517
5520
5520
5521
5521
5522
5524
5525
5526
5527
5531
5532
5534
5535
5535
5537
5537
5539
5542
5543
5545
5546
5547
5548
5548
5549
5550
5551
5553
5553
5555
5556
5556
5558
5558
5559
5560
5560
5561
5561
5562
5562
5564
5565
5567
5567
5568
5570
5572
5573
5573
5575
5576
5576
5576
5577
5578
5580
5581
5582
5583
5585
5585
5586
5587
5587
5588
5589
5590
5591
5591
5592
5593
5595
5595
5600
5601
5601
5603
5604
5605
5605
5607
5607
5608
5608
5608
5610
5610
5610
5611
5611
5611
5612
5612
5613
5613
5615
5616
5618
5621
5621
5621
5622
5622
5622
5622
5622
5622
5626
5626
5628
5629
5631
5632
5632
5636
5639
5639
5639
5639
5641
5642
5646
5646
5649
5649
5649
5649
5651
5651
5651
5652
5653
5653
5654
5654
5654
5655
5655
5656
5658
5658
5658
5659
5660
5663
5663
5664
5665
5665
5666
5667
5667
5668
5668
5669
5669
5672
5672
5672
5672
5674
5676
5676
5677
5677
5679
5680
5681
5682
5682
5682
5682
5683
5683
5685
5688
5689
5690
5690
5691
5692
5693
5695
5696
5697
5697
5703
5704
5704
5705
5707
5708
5708
5709
5709
5711
5711
5711
5712
5712
5714
5715
5716
5716
5717
5717
5717
5718
5722
5724
5725
5725
5725
5726
5726
5730
5730
5732
5733
5733
5736
5737
5740
5740
5741
5742
5743
5743
5746
5746
5746
5750
5750
5750
5751
5752
5753
5755
5756
5756
5756
5757
5758
5758
5758
5759
5759
5759
5759
5760
5760
5760
5763
5763
5763
5764
5764
5765
5768
5769
5770
5771
5772
5774
5774
5776
5781
5781
5781
5783
5783
5783
5784
5785
5787
5787
5788
5791
5791
5792
5792
5792
5794
5796
5799
5799
5799
5799
5803
5803
5803
5803
5803
5804
5804
5804
5804
5805
5806
5808
5813
5813
5815
5817
5818
5820
5820
5822
5823
5824
5825
5825
5825
5828
5828
5829
5829
5830
5830
5832
5832
5833
5834
5834
5837
5837
5838
5838
5839
5839
5840
5840
5842
5842
5842
5843
5843
5844
5845
5846
5846
5847
5848
5848
5849
5851
5852
5855
5855
5856
5858
5859
5860
5863
5865
5866
5868
5869
5869
5870
5872
5874
5875
5875
5875
5877
5878
5878
5879
5879
5879
5879
5880
5880
5881
5882
5882
5882
5886
5888
5889
5889
5891
5891
5892
5892
5894
5894
5895
5896
5896
5896
5897
5897
5898
5898
5899
5900
5900
5901
5901
5902
5902
5902
5904
5905
5905
5906
5907
5908
5910
5910
5911
5912
5912
5912
5913
5914
5915
5916
5917
5924
5925
5925
5926
5928
5929
5929
5929
5930
5932
5934
5935
5936
5936
5936
5936
5937
5937
5938
5941
5941
5943
5944
5945
5945
5945
5950
5952
5953
5955
5955
5955
5956
5956
5956
5958
5959
5959
5962
5962
5965
5967
5970
5970
5971
5971
5972
5974
5975
5975
5981
5981
5981
5981
5982
5985
5987
5988
5993
5993
5995
5996
5997
5998
5998
6001
6002
6003
6003
6004
6006
6006
6008
6009
6009
6011
6011
6011
6011
6012
6013
6013
6014
6014
6015
6016
6016
6016
6016
6019
6019
6020
6020
6020
6021
6025
6027
6028
6029
6030
6031
6033
6036
6037
6038
6038
6038
6039
6041
6041
6042
6043
6046
6047
6049
6050
6053
6054
6054
6056
6057
6057
6058
6060
6060
6062
6064
6068
6068
6069
6071
6075
6075
6075
6079
6081
6082
6082
6082
6083
6084
6084
6085
6085
6087
6088
6088
6091
6092
6092
6092
6094
6094
6096
6096
6096
6096
6097
6097
6098
6101
6102
6102
6103
6103
6104
6104
6106
6106
6106
6106
6108
6108
6108
6109
6111
6112
6114
6115
6116
6116
6116
6117
6117
6118
6118
6119
6120
6123
6126
6127
6128
6131
6132
6135
6140
6141
6142
6142
6142
6142
6144
6145
6147
6147
6150
6151
6152
6153
6155
6155
6156
6158
6158
6159
6159
6160
6160
6161
6162
6163
6166
6166
6166
6167
6168
6168
6170
6170
6170
6172
6173
6173
6174
6174
6175
6176
6177
6178
6180
6180
6182
6182
6183
6184
6184
6187
6188
6189
6190
6191
6192
6192
6196
6196
6197
6197
6198
6201
6201
6201
6202
6204
6204
6205
6205
6206
6206
6207
6207
6209
6211
6211
6211
6212
6214
6215
6215
6216
6218
6218
6219
6219
6220
6220
6220
6220
6221
6221
6222
6223
6225
6225
6225
6227
6228
6228
6228
6229
6230
6233
6233
6234
6235
6237
6237
6238
6239
6240
6242
6242
6244
6247
6247
6247
6248
6248
6249
6250
6253
6255
6256
6256
6258
6259
6259
6260
6261
6263
6264
6265
6266
6266
6266
6267
6268
6270
6272
6273
6274
6276
6277
6277
6278
6278
6279
6279
6280
6280
6281
6283
6283
6283
6284
6284
6287
6289
6290
6290
6291
6292
6292
6293
6294
6296
6296
6297
6299
6300
6300
6301
6303
6303
6304
6305
6307
6309
6309
6311
6314
6314
6315
6315
6316
6316
6316
6317
6317
6318
6319
6321
6323
6325
6326
6326
6329
6330
6330
6330
6331
6332
6333
6334
6335
6335
6336
6337
6337
6338
6341
6342
6343
6345
6349
6349
6350
6350
6354
6355
6357
6358
6358
6359
6362
6363
6363
6363
6366
6366
6367
6367
6368
6368
6369
6373
6375
6375
6376
6377
6380
6381
6382
6382
6383
6386
6391
6392
6392
6394
6394
6399
6403
6404
6405
6407
6407
6410
6412
6412
6413
6413
6417
6418
6418
6419
6420
6421
6422
6425
6425
6426
6427
6428
6428
6429
6429
6431
6434
6435
6435
6436
6437
6437
6438
6438
6438
6438
6439
6440
6441
6441
6442
6443
6445
6448
6449
6449
6452
6452
6453
6454
6457
6457
6458
6460
6461
6463
6464
6466
6467
6467
6467
6469
6469
6470
6470
6470
6472
6473
6475
6477
6477
6478
6478
6479
6479
6479
6479
6483
6483
6483
6484
6484
6484
6484
6486
6486
6487
6487
6489
6490
6490
6491
6492
6494
6495
6496
6497
6497
6497
6497
6498
6499
6499
6499
6501
6501
6504
6504
6505
6506
6508
6508
6510
6510
6511
6512
6514
6514
6515
6515
6515
6516
6517
6517
6517
6518
6520
6521
6521
6521
6521
6521
6522
6524
6524
6524
6525
6525
6525
6528
6528
6529
6529
6532
6533
6534
6534
6534
6535
6535
6535
6536
6537
6537
6538
6539
6541
6543
6545
6545
6547
6548
6549
6552
6555
6556
6557
6557
6558
6558
6560
6561
6563
6563
6564
6566
6567
6569
6569
6569
6570
6573
6576
6578
6578
6578
6580
6582
6586
6586
6588
6589
6589
6590
6591
6591
6592
6593
6595
6595
6597
6598
6600
6601
6601
6601
6602
6602
6603
6603
6603
6604
6604
6604
6604
6607
6607
6607
6611
6612
6612
6613
6621
6622
6622
6622
6623
6625
6628
6628
6629
6629
6630
6630
6630
6630
6632
6633
6638
6639
6640
6641
6642
6644
6645
6647
6648
6649
6649
6653
6655
6658
6660
6663
6664
6664
6664
6665
6667
6669
6669
6670
6670
6670
6671
6671
6671
6671
6674
6674
6675
6678
6678
6679
6681
6681
6682
6682
6682
6683
6684
6685
6685
6687
6689
6691
6692
6693
6694
6694
6695
6697
6698
6699
6700
6704
6705
6705
6706
6707
6707
6707
6707
6709
6709
6710
6711
6714
6714
6714
6714
6715
6716
6716
6718
6718
6718
6718
6718
6722
6722
6722
6724
6724
6724
6726
6726
6727
6728
6730
6730
6730
6730
6732
6733
6733
6734
6734
6734
6736
6737
6737
6737
6741
6741
6742
6742
6742
6742
6744
6744
6745
6747
6747
6747
6747
6748
6749
6750
6751
6753
6756
6756
6757
6757
6763
6764
6764
6765
6765
6767
6770
6771
6774
6775
6775
6775
6776
6776
6778
6778
6779
6779
6783
6785
6785
6787
6788
6790
6791
6792
6792
6793
6793
6793
6795
6796
6796
6797
6797
6797
6798
6798
6803
6804
6805
6807
6807
6808
6809
6809
6810
6810
6811
6812
6812
6813
6813
6814
6818
6819
6820
6820
6822
6823
6826
6826
6827
6827
6827
6829
6829
6829
6832
6833
6834
6834
6838
6839
6841
6841
6843
6843
6843
6843
6845
6846
6846
6846
6848
6848
6849
6850
6851
6852
6853
6853
6853
6854
6854
6855
6857
6857
6858
6860
6860
6860
6863
6864
6864
6865
6865
6865
6867
6867
6868
6868
6869
6870
6871
6871
6872
6877
6878
6879
6880
6880
6880
6880
6881
6883
6884
6885
6886
6888
6888
6888
6890
6892
6892
6893
6896
6897
6898
6900
6900
6900
6902
6903
6904
6904
6904
6905
6907
6910
6911
6912
6912
6913
6916
6917
6918
6921
6922
6923
6924
6928
6929
6930
6931
6933
6938
6938
6939
6940
6940
6942
6945
6946
6946
6949
6951
6954
6954
6955
6956
6958
6958
6962
6964
6964
6966
6967
6969
6970
6970
6971
6971
6971
6972
6972
6973
6973
6973
6974
6976
6977
6978
6981
6982
6983
6985
6985
6986
6987
6987
6990
6990
6990
6991
6996
6998
7000
7001
7002
7003
7004
7004
7004
7006
7006
7007
7010
7010
7011
7011
7011
7012
7012
7012
7013
7013
7013
7015
7015
7018
7018
7019
7020
7020
7021
7023
7023
7025
7025
7026
7026
7028
7028
7029
7030
7032
7032
7033
7037
7040
7041
7043
7045
7046
7047
7047
7048
7051
7051
7051
7052
7053
7054
7055
7055
7056
7057
7060
7060
7061
7061
7061
7062
7062
7062
7063
7064
7064
7065
7066
7067
7069
7069
7069
7072
7072
7073
7073
7074
7079
7079
7079
7081
7082
7082
7084
7085
7085
7085
7088
7088
7089
7090
7090
7091
7092
7092
7092
7092
7094
7094
7095
7095
7098
7099
7099
7099
7100
7100
7102
7103
7104
7105
7106
7107
7108
7109
7109
7110
7112
7113
7115
7115
7115
7116
7117
7117
7117
7118
7120
7120
7121
7121
7123
7125
7126
7127
7127
7128
7129
7130
7130
7131
7131
7132
7133
7134
7134
7135
7135
7136
7136
7137
7137
7137
7138
7138
7138
7139
7140
7142
7144
7144
7144
7145
7146
7147
7147
7147
7149
7149
7151
7151
7152
7155
7156
7157
7158
7159
7160
7161
7162
7163
7163
7163
7164
7167
7169
7170
7172
7173
7176
7177
7177
7178
7178
7182
7183
7185
7185
7187
7187
7189
7189
7189
7190
7192
7195
7197
7197
7197
7198
7198
7198
7198
7198
7202
7205
7206
7210
7210
7213
7213
7213
7214
7215
7215
7215
7217
7217
7217
7218
7220
7221
7221
7222
7223
7224
7225
7225
7228
7229
7230
7231
7232
7232
7233
7234
7234
7235
7235
7235
7236
7236
7238
7239
7240
7240
7240
7243
7244
7244
7245
7245
7246
7246
7248
7249
7250
7251
7252
7253
7255
7256
7257
7257
7258
7258
7258
7259
7259
7259
7260
7260
7261
7262
7264
7264
7265
7266
7267
7268
7268
7268
7268
7269
7269
7270
7271
7272
7273
7273
7274
7276
7276
7277
7278
7281
7283
7283
7284
7285
7285
7285
7286
7289
7289
7290
7290
7293
7295
7296
7298
7299
7299
7300
7302
7303
7303
7304
7305
7306
7307
7307
7308
7309
7309
7310
7313
7313
7313
7314
7315
7315
7316
7316
7318
7320
7323
7324
7326
7327
7328
7330
7331
7331
7331
7332
7333
7333
7333
7334
7334
7334
7337
7339
7339
7340
7340
7340
7341
7343
7344
7344
7344
7344
7346
7348
7348
7349
7349
7351
7351
7352
7353
7354
7354
7354
7355
7355
7355
7356
7356
7356
7357
7357
7358
7359
7363
7366
7366
7366
7374
7374
7375
7377
7377
7379
7379
7380
7381
7382
7383
7384
7384
7385
7385
7387
7391
7393
7394
7394
7395
7395
7396
7396
7398
7398
7401
7401
7403
7404
7404
7405
7407
7412
7412
7413
7416
7418
7418
7419
7419
7420
7422
7422
7423
7423
7424
7425
7425
7426
7426
7427
7427
7429
7429
7430
7430
7430
7431
7431
7432
7434
7435
7437
7438
7439
7439
7439
7443
7445
7446
7448
7450
7453
7454
7454
7455
7458
7460
7464
7467
7467
7468
7470
7471
7471
7473
7473
7473
7474
7475
7477
7477
7479
7479
7479
7480
7484
7484
7485
7487
7487
7489
7489
7489
7491
7493
7494
7498
7498
7502
7502
7502
7502
7503
7504
7504
7505
7505
7507
7507
7508
7511
7513
7513
7514
7514
7514
7515
7516
7516
7517
7519
7519
7519
7520
7522
7522
7526
7529
7529
7530
7532
7533
7534
7535
7536
7537
7538
7539
7540
7541
7543
7543
7543
7544
7545
7546
7548
7550
7550
7553
7554
7555
7557
7558
7558
7559
7560
7561
7561
7562
7562
7562
7563
7564
7565
7565
7567
7567
7568
7568
7568
7570
7571
7571
7572
7573
7575
7575
7575
7575
7576
7578
7579
7580
7580
7580
7583
7583
7584
7584
7585
7585
7585
7586
7587
7587
7587
7588
7589
7589
7590
7591
7591
7592
7593
7594
7596
7596
7598
7600
7601
7602
7603
7604
7605
7607
7608
7608
7612
7613
7613
7613
7614
7614
7615
7616
7616
7616
7617
7617
7619
7619
7619
7620
7621
7621
7622
7622
7622
7624
7625
7625
7628
7629
7630
7633
7634
7634
7634
7636
7636
7636
7636
7636
7637
7638
7639
7640
7641
7643
7643
7644
7646
7647
7647
7649
7650
7653
7655
7656
7656
7658
7659
7660
7661
7663
7665
7665
7667
7667
7669
7670
7671
7671
7672
7676
7679
7679
7680
7680
7680
7681
7681
7683
7683
7684
7684
7685
7685
7687
7688
7689
7690
7690
7692
7693
7694
7694
7696
7696
7697
7697
7698
7698
7699
7699
7701
7703
7705
7706
7709
7710
7711
7712
7712
7712
7714
7715
7716
7716
7717
7721
7722
7722
7723
7724
7726
7728
7730
7732
7733
7733
7735
7735
7736
7736
7736
7737
7737
7737
7738
7738
7740
7740
7740
7741
7741
7742
7742
7744
7745
7745
7746
7746
7746
7747
7748
7748
7749
7751
7752
7754
7755
7755
7756
7757
7757
7758
7759
7760
7761
7762
7763
7763
7765
7765
7766
7767
7767
7768
7770
7771
7771
7772
7773
7775
7776
7777
7778
7780
7781
7781
7782
7782
7782
7782
7782
7785
7787
7788
7788
7788
7789
7790
7790
7791
7791
7792
7792
7793
7794
7797
7797
7799
7800
7801
7803
7803
7804
7805
7807
7808
7811
7812
7812
7813
7814
7816
7817
7817
7817
7817
7818
7818
7819
7819
7819
7820
7821
7821
7821
7822
7824
7824
7825
7825
7825
7827
7828
7828
7828
7829
7829
7831
7831
7832
7834
7835
7836
7836
7836
7838
7839
7839
7841
7842
7843
7843
7844
7845
7845
7845
7847
7847
7848
7848
7848
7849
7849
7850
7850
7851
7852
7853
7853
7855
7855
7857
7859
7860
7861
7861
7862
7864
7866
7868
7868
7869
7870
7872
7873
7874
7875
7876
7877
7877
7878
7878
7879
7879
7879
7879
7880
7880
7880
7881
7882
7882
7883
7885
7887
7888
7888
7889
7889
7890
7890
7890
7891
7892
7892
7893
7893
7893
7894
7894
7895
7896
7899
7899
7899
7900
7902
7903
7904
7905
7906
7906
7906
7908
7908
7909
7912
7912
7912
7913
7914
7916
7916
7917
7917
7917
7918
7918
7921
7921
7921
7923
7924
7928
7929
7930
7931
7933
7936
7939
7940
7940
7941
7942
7942
7944
7945
7946
7946
7946
7946
7948
7949
7949
7949
7950
7950
7951
7952
7953
7954
7954
7959
7961
7962
7963
7963
7965
7965
7965
7966
7966
7967
7967
7967
7967
7968
7968
7969
7969
7971
7971
7972
7973
7973
7975
7975
7977
7978
7979
7980
7981
7982
7983
7984
7985
7986
7986
7987
7988
7989
7989
7989
7990
7990
7990
7992
7994
7994
7995
7996
7996
7996
7997
7997
7999
8000
8000
8001
8003
8004
8004
8006
8011
8013
8013
8014
8014
8016
8016
8017
8021
8021
8021
8025
8025
8026
8026
8027
8027
8027
8027
8028
8029
8031
8032
8033
8033
8036
8037
8038
8039
8039
8040
8041
8043
8045
8046
8047
8047
8051
8053
8054
8056
8060
8062
8062
8063
8064
8065
8065
8065
8067
8067
8068
8068
8068
8069
8071
8071
8072
8072
8073
8074
8074
8075
8076
8076
8077
8078
8079
8080
8086
8087
8089
8090
8090
8090
8091
8092
8093
8094
8095
8095
8096
8101
8101
8103
8106
8106
8107
8108
8112
8113
8114
8115
8115
8116
8116
8116
8118
8120
8125
8126
8126
8127
8127
8128
8129
8131
8131
8131
8132
8133
8133
8133
8134
8135
8137
8137
8138
8140
8141
8141
8142
8142
8143
8143
8144
8146
8147
8147
8147
8148
8149
8150
8152
8152
8153
8154
8154
8154
8155
8156
8158
8158
8162
8162
8163
8166
8166
8170
8170
8170
8173
8175
8175
8176
8176
8176
8178
8179
8179
8179
8180
8180
8180
8181
8182
8183
8183
8183
8184
8184
8185
8187
8187
8188
8189
8190
8191
8195
8196
8197
8198
8200
8202
8204
8204
8205
8206
8207
8209
8211
8211
8211
8214
8215
8215
8217
8217
8218
8219
8221
8223
8224
8224
8226
8227
8229
8229
8231
8231
8233
8233
8235
8235
8236
8236
8236
8237
8237
8239
8240
8240
8241
8244
8244
8246
8248
8248
8249
8249
8250
8250
8250
8250
8250
8252
8252
8256
8256
8257
8258
8259
8259
8262
8264
8264
8265
8265
8266
8268
8268
8270
8271
8272
8272
8273
8275
8276
8277
8280
8280
8281
8281
8282
8284
8285
8285
8286
8288
8289
8290
8291
8294
8294
8294
8294
8295
8295
8296
8297
8297
8297
8297
8298
8298
8299
8301
8301
8303
8305
8305
8305
8306
8307
8308
8308
8309
8309
8310
8312
8313
8313
8314
8316
8317
8317
8323
8324
8324
8325
8328
8328
8329
8330
8334
8334
8336
8337
8337
8339
8344
8346
8348
8349
8351
8352
8355
8356
8356
8358
8358
8360
8361
8362
8362
8363
8364
8364
8366
8366
8367
8369
8370
8370
8371
8372
8372
8373
8373
8374
8378
8383
8384
8385
8385
8387
8388
8389
8389
8393
8394
8394
8395
8396
8396
8397
8398
8399
8399
8400
8403
8403
8403
8403
8403
8405
8405
8407
8407
8408
8409
8410
8410
8411
8411
8411
8413
8413
8414
8415
8416
8416
8416
8416
8417
8419
8422
8423
8423
8424
8424
8424
8425
8426
8427
8427
8430
8430
8432
8432
8432
8433
8435
8435
8437
8441
8443
8444
8445
8445
8446
8446
8449
8450
8450
8452
8453
8453
8454
8454
8455
8455
8456
8458
8460
8463
8463
8464
8465
8466
8469
8469
8469
8469
8469
8469
8472
8472
8472
8475
8478
8478
8480
8482
8484
8484
8485
8486
8487
8488
8490
8491
8491
8491
8493
8494
8494
8494
8496
8497
8500
8502
8502
8505
8505
8506
8506
8506
8509
8509
8511
8512
8512
8514
8514
8518
8524
8525
8526
8526
8526
8530
8530
8531
8532
8535
8535
8536
8538
8541
8541
8541
8542
8543
8544
8544
8544
8544
8545
8546
8548
8549
8550
8550
8552
8552
8553
8553
8553
8554
8554
8555
8555
8556
8556
8556
8558
8560
8560
8560
8561
8562
8564
8564
8564
8565
8566
8568
8568
8568
8570
8571
8573
8574
8574
8574
8575
8576
8576
8578
8582
8582
8582
8583
8583
8584
8585
8585
8585
8587
8588
8588
8589
8590
8591
8591
8593
8594
8594
8595
8596
8597
8597
8597
8597
8600
8600
8601
8601
8603
8603
8603
8605
8606
8606
8609
8610
8610
8612
8613
8614
8616
8623
8623
8625
8625
8625
8625
8626
8627
8628
8631
8633
8635
8635
8636
8636
8636
8636
8638
8639
8639
8640
8641
8641
8641
8641
8642
8642
8645
8647
8647
8647
8650
8654
8657
8657
8658
8661
8662
8663
8663
8663
8669
8669
8669
8670
8671
8671
8672
8673
8674
8676
8676
8676
8678
8679
8679
8680
8681
8682
8684
8684
8684
8685
8686
8688
8689
8689
8690
8690
8692
8694
8695
8697
8701
8702
8704
8705
8709
8710
8710
8713
8713
8713
8713
8718
8719
8721
8723
8723
8724
8724
8725
8726
8726
8727
8729
8730
8730
8731
8732
8732
8733
8733
8735
8737
8740
8740
8741
8743
8743
8744
8744
8747
8747
8749
8750
8750
8752
8753
8755
8755
8756
8757
8757
8759
8759
8760
8761
8761
8762
8766
8768
8768
8771
8774
8776
8777
8778
8783
8783
8784
8789
8789
8791
8792
8792
8793
8793
8795
8796
8796
8797
8798
8799
8799
8803
8804
8806
8806
8808
8808
8809
8809
8810
8810
8811
8811
8812
8813
8815
8815
8816
8816
8817
8819
8821
8822
8824
8824
8825
8825
8828
8829
8831
8831
8833
8834
8836
8838
8839
8841
8841
8841
8842
8843
8846
8848
8850
8851
8851
8852
8852
8852
8854
8854
8856
8859
8859
8860
8860
8862
8862
8863
8865
8867
8867
8868
8868
8868
8871
8872
8872
8874
8875
8877
8878
8879
8879
8883
8883
8883
8885
8886
8887
8887
8888
8889
8889
8890
8892
8892
8894
8897
8897
8899
8900
8900
8901
8901
8906
8908
8909
8911
8911
8911
8912
8912
8913
8913
8913
8913
8915
8917
8918
8918
8918
8919
8920
8921
8921
8921
8923
8926
8926
8927
8928
8932
8933
8935
8936
8937
8938
8938
8938
8939
8940
8941
8942
8943
8944
8944
8945
8946
8946
8947
8948
8950
8952
8952
8952
8954
8954
8956
8957
8957
8957
8958
8961
8962
8963
8963
8964
8964
8966
8966
8967
8968
8970
8970
8973
8974
8975
8976
8976
8977
8977
8982
8986
8986
8986
8988
8989
8989
8993
8994
8994
8995
8995
8997
8997
8998
8998
9000
9001
9002
9003
9005
9005
9006
9006
9009
9011
9012
9012
9013
9015
9015
9015
9016
9017
9018
9018
9019
9020
9021
9021
9023
9023
9024
9024
9026
9026
9027
9027
9028
9028
9028
9029
9030
9030
9034
9035
9036
9036
9036
9038
9039
9041
9041
9044
9047
9049
9049
9052
9052
9053
9053
9054
9058
9058
9058
9059
9060
9060
9062
9062
9063
9063
9064
9065
9065
9068
9069
9069
9071
9072
9072
9072
9075
9075
9075
9076
9077
9077
9079
9080
9081
9081
9082
9082
9084
9087
9088
9088
9090
9090
9091
9093
9094
9096
9096
9096
9097
9097
9097
9097
9100
9101
9103
9104
9110
9113
9114
9115
9116
9118
9119
9120
9120
9120
9121
9121
9121
9122
9123
9125
9126
9127
9128
9132
9135
9135
9136
9136
9138
9140
9140
9140
9141
9142
9144
9144
9145
9145
9146
9147
9147
9148
9148
9151
9151
9152
9154
9154
9155
9156
9157
9158
9158
9159
9161
9163
9164
9166
9167
9173
9174
9175
9176
9177
9178
9179
9179
9179
9182
9182
9183
9186
9187
9188
9188
9189
9192
9193
9193
9194
9195
9196
9197
9198
9200
9200
9200
9201
9201
9202
9202
9203
9203
9203
9203
9204
9205
9206
9206
9207
9207
9208
9208
9208
9208
9209
9210
9210
9210
9210
9211
9211
9211
9214
9216
9217
9218
9218
9219
9219
9219
9223
9223
9223
9226
9228
9230
9231
9231
9232
9232
9233
9233
9233
9235
9235
9237
9238
9239
9239
9241
9242
9245
9246
9247
9249
9250
9250
9251
9251
9251
9252
9252
9255
9255
9255
9256
9256
9256
9259
9259
9260
9260
9262
9263
9264
9264
9265
9265
9267
9271
9271
9274
9275
9275
9276
9276
9277
9277
9278
9278
9279
9279
9279
9280
9280
9281
9281
9282
9284
9285
9286
9287
9287
9288
9288
9289
9290
9291
9291
9292
9295
9295
9296
9296
9298
9299
9300
9302
9305
9306
9306
9307
9309
9309
9309
9310
9311
9313
9314
9314
9320
9323
9324
9325
9327
9328
9329
9329
9330
9331
9331
9333
9333
9333
9337
9339
9340
9342
9342
9343
9344
9346
9347
9350
9350
9351
9355
9356
9361
9361
9361
9361
9361
9362
9362
9362
9363
9364
9367
9368
9368
9369
9371
9371
9371
9373
9374
9374
9375
9375
9375
9380
9381
9382
9382
9384
9384
9385
9385
9386
9386
9387
9391
9393
9394
9395
9398
9399
9399
9400
9400
9401
9401
9402
9403
9403
9404
9407
9407
9408
9410
9416
9418
9418
9419
9422
9423
9426
9429
9429
9430
9430
9430
9431
9432
9433
9434
9436
9437
9437
9438
9438
9438
9440
9440
9443
9444
9444
9445
9445
9445
9445
9446
9446
9447
9449
9452
9452
9452
9452
9453
9454
9455
9456
9456
9456
9457
9457
9457
9458
9458
9459
9461
9463
9463
9464
9465
9465
9468
9468
9470
9472
9473
9474
9477
9478
9478
9481
9481
9482
9483
9484
9485
9485
9486
9486
9487
9487
9490
9490
9491
9491
9492
9492
9493
9494
9494
9495
9496
9497
9499
9503
9503
9505
9507
9508
9508
9509
9509
9510
9510
9510
9511
9512
9512
9514
9514
9514
9514
9515
9518
9520
9520
9521
9521
9521
9521
9521
9522
9523
9525
9526
9527
9527
9531
9531
9533
9533
9534
9534
9535
9535
9538
9538
9538
9539
9539
9540
9542
9544
9544
9546
9547
9549
9551
9552
9553
9553
9555
9557
9558
9558
9558
9558
9559
9559
9562
9563
9563
9564
9566
9570
9572
9573
9574
9577
9577
9579
9582
9582
9584
9584
9584
9584
9585
9585
9587
9588
9590
9590
9593
9594
9595
9596
9597
9597
9598
9601
9602
9607
9608
9608
9609
9609
9609
9609
9610
9610
9611
9611
9613
9614
9614
9616
9616
9616
9617
9618
9619
9620
9620
9623
9624
9625
9626
9627
9627
9628
9629
9630
9630
9631
9631
9632
9632
9633
9633
9635
9635
9635
9635
9636
9636
9636
9637
9639
9640
9640
9641
9642
9643
9644
9644
9646
9646
9650
9650
9652
9652
9654
9654
9655
9656
9656
9660
9660
9660
9663
9663
9664
9665
9666
9666
9666
9668
9668
9669
9669
9669
9670
9670
9672
9673
9676
9678
9679
9681
9681
9683
9683
9686
9686
9689
9690
9690
9690
9690
9693
9693
9694
9694
9696
9698
9698
9699
9704
9704
9704
9705
9707
9707
9707
9707
9708
9709
9711
9711
9711
9714
9714
9716
9716
9717
9718
9718
9720
9721
9721
9722
9723
9725
9726
9727
9727
9727
9729
9729
9729
9730
9730
9731
9731
9732
9734
9735
9737
9738
9740
9741
9743
9745
9745
9746
9746
9747
9747
9748
9748
9749
9751
9751
9752
9753
9753
9754
9754
9754
9755
9756
9759
9760
9760
9761
9762
9762
9762
9763
9763
9764
9766
9767
9767
9768
9769
9769
9770
9771
9771
9774
9774
9774
9774
9775
9779
9779
9779
9779
9779
9780
9782
9784
9785
9785
9786
9788
9789
9789
9789
9789
9792
9792
9793
9793
9793
9794
9795
9795
9796
9798
9799
9800
9801
9801
9801
9802
9804
9804
9805
9809
9810
9813
9814
9814
9814
9814
9814
9814
9816
9817
9819
9820
9820
9820
9822
9823
9823
9826
9826
9832
9834
9835
9835
9835
9836
9836
9836
9838
9839
9841
9844
9845
9846
9847
9847
9848
9850
9850
9852
9852
9853
9853
9854
9855
9856
9857
9858
9859
9860
9862
9866
9867
9867
9867
9868
9870
9871
9871
9873
9875
9877
9877
9878
9880
9881
9882
9882
9883
9884
9885
9885
9885
9885
9885
9886
9889
9889
9889
9890
9891
9892
9892
9894
9895
9897
9897
9899
9899
9901
9902
9907
9908
9909
9909
9909
9911
9911
9911
9914
9916
9917
9918
9919
9919
9920
9920
9922
9922
9929
9930
9931
9932
9932
9932
9934
9936
9937
9938
9938
9938
9938
9939
9939
9940
9941
9941
9942
9942
9942
9943
9944
9946
9946
9947
9947
9948
9949
9951
9951
9952
9952
9952
9960
9960
9960
9961
9961
9962
9962
9963
9964
9970
9971
9972
9972
9973
9974
9974
9974
9975
9976
9976
9979
9981
9981
9982
9982
9983
9983
9985
9985
9986
9987
9987
9987
9987
9988
9988
9990
9991
9991
9992
9995
9996
