8385
11
4998
5087
1680
8916
445
4594
7330
6442
5588
3681
1052
7714
2653
2656
9082
361
566
2122
6293
5541
7670
565
9345
9382
7168
5478
6960
1333
6668
2882
5586
3587
4801
1052
4998
84
8159
5596
9052
7297
307
7290
2887
7501
253
1350
8817
7758
3862
9366
4933
1465
2268
7417
2765
7195
7353
8414
8176
6716
8209
743
4935
8349
5316
2747
534
9461
2314
7113
6022
2013
8216
3727
3096
5786
2324
6788
387
3826
713
1532
2504
7872
5273
293
7258
8315
7097
6493
8729
3062
3300
1802
5419
1329
831
6058
8242
2935
5864
3303
9970
9454
4378
3164
1080
3713
4488
3409
5529
3937
369
6470
4838
2153
719
4093
86
5995
7280
7442
2625
8075
8084
3726
6744
7975
530
6027
1565
9008
5055
210
8722
763
5602
8391
6036
8323
3639
74
1758
4095
471
720
3786
8216
6181
7577
9961
2411
5817
1718
8361
8364
8430
3148
9495
5699
9665
4097
7381
4829
3282
6087
3402
8956
4994
7522
4166
3974
3722
326
9561
7126
7340
7949
1000
3732
9816
5899
9450
6915
5899
9686
7953
1713
634
8455
2436
230
9315
6766
4390
7779
4427
2548
7329
6448
6245
8913
5084
7275
2257
8167
664
915
2006
8625
8734
7440
7103
6363
2702
155
2728
936
8856
6323
7704
8331
5660
4395
4907
6814
7692
8090
1056
7233
6211
1213
749
7661
131
2958
3266
7128
8363
196
3009
7714
2404
3401
5194
3527
631
4564
8136
190
7674
9578
6817
9893
7851
7402
7596
1527
1818
5903
728
7476
6667
4200
9438
761
1636
4391
9721
1064
3587
3579
4289
4577
2362
1524
295
6805
6477
9859
2568
1424
8099
9103
5812
8094
2592
2672
6720
7091
6217
1306
5937
7121
6907
9900
8531
1928
5053
1252
7198
7398
8216
6889
7450
8869
2911
7427
1966
1883
7052
5684
4463
4587
2061
6943
6584
8137
2234
3740
335
7540
1746
5309
7064
1075
5294
6019
9285
3664
7367
8052
1146
8822
2817
998
9290
6526
3554
7403
8389
6046
4361
4338
564
6284
9542
6404
4999
6938
3957
8509
8866
8044
3276
1551
41
1178
5870
4944
6596
323
9711
7748
5997
123
7020
1668
9223
336
8552
3721
6139
8118
8688
5060
9102
8837
9735
2700
9276
7946
9782
8863
5384
2467
8261
2702
9268
171
8262
1949
3889
8188
4179
2240
967
7232
2915
7861
6133
9402
4008
7450
177
2344
3620
3172
230
5652
7712
4057
5199
1699
6363
9738
8137
9488
3829
3216
3947
633
9861
493
9086
6680
6174
9551
8418
6127
5472
6539
1889
5127
1206
2532
2577
2258
7584
2082
3536
4513
4043
1347
7779
133
5126
1480
5474
5962
6657
5234
3052
8318
3976
7480
2407
3068
9812
8112
7743
7800
2219
5539
2052
4666
3935
361
7844
6645
1968
598
4059
6515
6225
9883
282
4990
7328
6942
8144
2036
5857
2986
8944
2652
100
7981
8138
2321
1673
149
2151
648
952
2732
9565
6355
1829
2189
3917
128
7644
6124
6129
6264
3105
3593
2542
6981
9154
8743
501
8324
2996
3445
4898
3878
259
7797
6753
9685
8700
4878
6975
9143
5203
4878
538
339
1912
3906
4742
7881
144
1760
9234
2843
9826
4818
1729
1657
14
2491
8245
6449
589
4646
9400
7259
8392
5175
4520
4989
2219
7543
9190
4375
550
8024
3988
9019
8319
3764
2998
3899
5656
6413
8028
2875
925
9462
4230
8414
3807
9308
1215
6532
3891
2593
3841
2121
8210
7865
2789
2932
1962
1725
5278
3935
6257
9045
1027
3895
2453
133
8459
8825
9352
5528
883
6731
1702
7830
5725
8393
1544
5774
7330
2814
5651
2284
2305
3267
341
5761
7957
3694
9129
3409
3278
8247
4043
9966
5335
5123
1571
6463
3337
3200
533
3677
7236
2149
7516
5945
1921
7144
2450
1980
377
1243
914
3311
1397
2661
4420
9408
1908
3732
1223
7903
9082
835
3757
5603
1158
7342
9800
4446
3089
3672
3681
6449
9263
5870
6557
7855
1496
4676
8278
1605
2845
1155
1244
1326
9265
9528
9568
2998
840
5682
4224
7320
717
5339
5217
9543
1623
7643
4694
3052
7470
730
241
5870
3493
821
7402
2752
7526
9431
4344
2447
9592
4575
9097
9613
2294
808
7470
4004
1113
1266
4092
2961
5502
7096
9587
9176
1085
5016
1435
112
8613
8675
517
9731
6450
4722
9020
5036
5091
9818
7916
384
4983
3899
4562
7138
5650
2543
6776
7543
6800
4178
9203
9046
1726
9839
137
155
8689
5489
558
1430
5073
8395
1837
7886
9590
3882
6993
557
1189
4305
8894
4105
6003
3023
5348
1820
4749
4878
751
4697
7630
7342
9448
9995
2200
1027
2880
7303
7345
6405
723
6836
8639
1845
3695
6206
9051
4641
9370
1044
9624
7336
9358
1758
9152
4313
1319
3795
7478
4935
2553
956
8355
9383
5180
8406
2979
7496
1160
4657
6205
4129
3700
7084
9029
7524
1136
6831
8780
5456
3598
1492
6147
5706
4093
8481
5567
341
2726
7601
9360
7107
5191
1230
816
7108
1277
3461
5189
3649
547
2501
2039
2723
6637
5015
3495
2995
1434
1262
3749
3955
7337
9543
8602
9665
3822
815
4575
8168
5745
7361
4705
1210
13
3329
3933
6384
1878
7871
5200
8045
840
3175
6223
1907
8808
1644
1601
8178
3167
9516
392
8429
9045
3398
6204
8607
1638
2053
2581
3950
1235
4264
3365
8688
9966
8022
7251
196
2597
5065
268
2212
397
8188
6105
4827
1263
2668
1680
9682
5976
5415
1149
7292
380
8253
5719
2423
312
9726
4058
4463
5366
675
5168
4997
6180
2929
7155
9267
9644
5065
8404
9848
1983
5591
7751
4639
7253
8491
8612
1473
3838
6329
5814
6436
762
86
3929
7584
1126
5401
7350
1040
515
2011
5221
3260
9099
8435
7710
4477
4287
475
1731
4337
6768
9154
5181
5925
4739
6093
4190
8855
2932
6009
5728
8797
3593
5789
8142
39
4849
9300
3522
8225
6059
7839
8730
9780
5197
2610
8162
3322
1719
6056
5665
3635
1309
8926
2883
9041
305
9905
8254
4600
2699
2004
3301
2937
8677
3625
9735
1539
6064
9719
8777
1859
1239
2398
4829
1330
9437
8768
5436
8713
942
9168
1047
7801
2444
8347
6567
4228
580
8857
4703
1261
7623
3762
5342
7669
9705
9618
261
2951
8142
8912
4988
4096
2260
3850
720
3676
8321
3655
6202
7257
2545
3100
1163
3995
6537
2665
9155
8601
6136
7163
3771
864
5848
5127
2176
5490
9759
4716
43
1176
5485
3795
8390
8119
9999
9909
3971
2200
96
4577
4062
1222
1329
759
1767
97
2014
9879
3741
8442
9640
8506
2887
6572
290
4682
4645
240
5250
7390
8877
5410
1239
4615
9270
8628
756
4648
473
5368
1596
7653
255
9055
7230
722
3427
4124
2001
7464
2441
818
2546
1383
7308
7331
190
9712
2247
1505
1973
1042
237
7965
7514
3068
2012
9693
5001
9288
608
8441
5657
2769
8359
9343
4480
3204
2480
2626
1800
1581
4398
7020
7031
7615
1767
1707
5105
6173
4598
3917
9550
7258
4778
3943
9468
2496
328
1891
7885
7368
6840
8583
2278
4603
3114
279
6942
5394
9176
4557
6354
9730
5234
520
8487
9194
4526
7473
4883
2143
3805
6063
4838
9629
3235
742
1628
8464
9366
8558
1775
7785
8517
7362
3629
1410
9518
4475
475
3318
3069
5166
1265
7677
5410
8666
9121
3242
267
8183
3034
7055
9672
8655
2243
3820
9791
8817
6994
1307
6626
7381
3560
3115
2852
5809
91
6099
6168
7360
8465
7283
4453
3201
9706
9599
818
8294
9401
1711
9881
6795
9882
4685
4358
4070
6968
2936
2636
884
4484
5389
8818
3044
4809
6107
4349
3190
6397
4273
2278
2360
8658
3543
5674
5155
3684
3403
1692
4098
9243
536
3179
4563
9380
7494
8703
1758
1476
8152
5451
4379
2676
7398
7334
6820
196
5084
6619
2834
8411
9955
2854
8698
7574
4916
1643
5288
9817
1099
6881
1707
8716
9887
3359
3423
6943
9383
9189
7660
5865
5494
6668
1694
2168
5935
6792
1571
4747
3590
2559
5075
7862
1994
1966
4541
9552
8280
7008
7093
2386
3814
3812
3415
5606
5615
2956
8736
9385
949
8497
6067
303
6447
5681
1828
4371
428
9716
9150
9030
991
8704
264
9090
5027
30
859
1879
6819
2800
2170
7804
2157
4080
2341
463
4317
5425
7184
8513
660
500
4315
9946
3338
313
9647
2675
9398
5764
5891
1500
8407
1627
9148
448
1510
3424
9403
1148
5177
5596
3219
1004
9116
3035
934
9477
2044
1048
5873
2015
9340
5480
3657
9140
2251
624
6340
7793
9803
330
1829
9061
4587
5698
5917
125
5985
5785
1094
8509
8488
3377
7139
8557
5811
2649
2814
9344
7392
7216
7927
9199
9140
4104
3583
9005
2597
1280
5181
5710
6417
4473
3824
237
8034
4738
8637
3118
4390
6799
2388
5576
3075
5905
9519
3073
6744
6371
6115
8505
2642
5379
7344
3224
9539
5697
968
5389
3887
5017
158
8955
3649
5654
4379
772
6611
5638
2228
8519
6062
9862
7468
7071
1931
2486
6842
2897
6145
2521
7795
8430
3282
6986
6105
6087
1405
3915
9498
8083
9569
7539
9698
8179
684
9382
801
4773
8714
2565
3781
6425
3325
6083
4376
7894
4448
4851
1520
8584
1675
2424
4443
6226
6249
4248
7205
5700
9087
8895
8241
790
7591
5798
2270
8888
4798
6950
5193
7540
1925
2317
6273
6774
329
168
2592
8680
9800
9444
9463
4535
5196
2776
1445
9953
2157
4121
7114
5342
2133
5952
61
987
3709
6102
4528
1076
613
7170
9218
3841
9219
3321
8845
5359
9846
6030
6638
9193
2881
2973
1019
3668
2851
9555
9451
3046
7486
761
599
9866
588
4812
3334
5885
6635
2323
1424
6676
509
2882
3588
9588
1148
5696
1402
2142
9234
4863
3073
1362
1624
9613
6953
8234
7527
7406
3540
5017
5598
4076
763
4353
2880
6078
9938
7574
4789
7227
3883
1532
9076
156
1489
4947
6418
8184
8012
2522
4830
5180
6019
5576
632
1426
4446
2422
1143
513
8216
5825
8986
5113
6807
4478
5281
6100
249
4848
5279
1787
2304
951
5910
4988
5582
1745
4114
7516
5718
1810
3056
7886
7299
2419
6865
2711
1570
2181
4461
2538
1241
3636
2734
7928
7316
9825
4374
4178
8477
2915
6409
33
7882
3084
3186
1908
2211
4341
59
4163
3346
7038
8004
5851
7056
4323
5183
8984
1747
6045
8318
8563
9843
593
9001
5653
2082
1324
7471
1775
8466
1606
4944
6220
472
221
5677
6191
2955
2337
4737
5324
6820
4269
7112
1340
3840
5987
8178
1023
5211
5112
5638
8971
7412
6370
8331
8359
1351
4352
831
7858
3411
8558
2982
690
5430
2378
4451
8140
9652
8518
9622
7559
4443
3430
3151
4967
3142
7109
1610
4316
5292
8613
9400
9516
3171
2483
141
8653
2012
6390
5855
672
9702
3239
5405
8231
9538
4042
4049
3460
9263
6108
9739
3400
4836
4246
9171
3137
8182
136
8083
7626
2014
354
1576
2257
1728
4524
7551
163
187
4333
6371
3318
8913
1027
9220
3875
1480
9783
6867
801
5317
3878
7268
3804
7273
8666
5892
8200
5276
7950
5310
3117
2657
1390
7619
56
1511
6102
8233
947
2278
7287
9444
314
952
5000
576
2651
5637
9270
9196
9810
3736
9167
1637
8193
6278
549
9702
7349
152
8200
9802
2881
648
3988
754
2762
1597
3638
4210
8383
4938
6269
8886
2809
414
8537
1190
7388
8239
8241
8563
3628
850
8131
3086
4162
3370
1802
1165
8829
1005
8961
3113
1067
8013
9256
7110
6698
5737
2156
4117
416
3572
9957
8966
9910
4675
8253
9972
6866
5068
2126
5666
6264
520
5880
9182
8645
3575
6734
5572
2853
4542
1474
9377
5035
5440
6942
1027
7107
8630
2350
9198
3897
4018
3368
7592
7533
5183
6253
6698
6427
4474
2730
515
5013
9141
2281
9672
9425
6110
2796
6172
6227
6775
6960
5632
9315
955
1276
4461
9460
9391
1325
5486
3808
9272
4747
922
1998
9011
729
3791
3240
9783
984
3003
6886
3604
1576
3221
7685
8688
8143
517
3144
1780
116
6682
8908
5215
1042
5688
7216
9858
2549
1152
5975
541
9336
9184
3184
8734
1767
6592
2273
1476
4036
7261
1687
7945
1247
1519
1881
7572
3832
1338
9383
6779
3446
7704
7010
9476
3979
6485
8027
1440
3143
1840
5598
8878
9238
7764
4032
8778
6559
6931
5180
1162
5884
7092
5807
5056
9344
3616
904
678
4854
5511
2897
7848
5322
9992
4396
8928
9999
9642
5347
2171
7227
6446
9242
9329
8036
3621
9902
1030
3873
8689
6906
722
2256
7475
3729
637
656
802
9747
5645
9326
3794
2907
6442
8541
688
4986
789
4808
8853
5027
5296
6012
1815
2711
1619
4446
6106
6420
5356
5879
2822
9069
6363
5419
5823
8467
4247
5496
2438
3182
6432
9668
5076
821
4088
7591
3922
9409
591
4260
2584
8763
6248
6912
9737
9776
6934
7374
6425
6481
5864
6775
5816
4676
376
1824
2633
4058
4406
8525
916
8935
5669
9016
7530
2473
9964
2490
4212
8524
4549
3527
8585
2025
9959
9702
6779
9745
1034
8977
7970
7285
6446
489
9995
1336
4034
2849
654
8665
1610
767
6409
2689
1801
2433
2575
2584
3950
6364
1935
7710
1143
4036
3442
7000
8244
3545
8547
3141
1114
4024
4363
4304
2353
4313
5234
9273
8265
4742
9231
3111
3800
6040
5085
5616
9483
5417
2659
6059
5135
9885
6905
8142
5378
2112
7347
9778
3954
7815
700
9679
7769
1785
6579
749
4334
1856
4505
5848
1428
7708
9648
1639
2702
7464
4182
1277
6946
84
903
9628
5175
1164
1551
473
2432
6263
2616
4129
3389
4801
2931
5699
9405
5449
1789
5376
7159
1023
9989
4741
7690
915
7141
9216
7457
8429
8007
1003
7077
83
6731
5249
9579
8569
9708
7496
9198
1034
5484
1313
7197
1625
2464
8386
2045
2718
1778
6810
1047
5229
1573
8905
7985
1428
5893
4488
5673
5553
6553
7885
1188
2142
1385
3196
7557
7813
2335
9261
3667
8396
2274
1110
2589
5316
4472
7446
5926
4257
6315
5857
7493
9255
3500
5967
5390
9112
6049
8546
5685
1469
7700
7459
7614
3626
3661
1097
9332
2250
445
7532
7116
5559
722
8713
33
9925
3544
1945
4209
752
8800
5112
8607
9892
6589
9131
3855
1821
6412
6912
9769
2708
2265
288
9129
3276
9099
6802
4706
6560
9603
8817
4193
6493
1427
6532
5255
3002
6305
842
2766
2695
6029
8202
553
57
5993
3962
7570
9859
1166
1497
5839
2550
6372
8944
3524
1640
2489
1778
8622
1462
5715
5057
7367
778
39
246
4937
2677
8231
7491
8853
1699
4676
123
1500
2118
1932
9696
1557
1195
2837
1376
6502
1426
5103
4085
4899
6618
3518
4775
4722
5618
4533
2614
5502
848
6556
7719
4230
8107
5570
256
3604
8391
2338
8490
6116
5591
6029
2629
213
8756
9948
9776
8160
8809
6116
1477
8008
2734
9631
7743
1292
8716
6145
2495
3258
6996
1882
6771
2910
3146
8367
1745
6869
4329
2040
6595
6338
6006
4616
3322
7304
1663
238
8069
7792
773
3549
2353
7305
3456
1569
4847
7430
3272
8353
8827
7248
1253
2317
1817
1914
1358
726
6733
3559
5041
8749
4942
377
5770
5836
6351
5095
502
2814
3607
1609
2832
6474
1235
2752
8969
4794
6666
2137
1507
7711
5472
6231
7843
6905
1009
8674
4296
9529
286
253
5222
1870
675
6886
1324
1303
4128
3653
14
5063
6086
1418
2176
7983
8483
3999
1225
586
821
7637
1284
5658
4970
7144
7571
8085
4953
8555
8672
9793
375
8924
6481
4794
3763
4672
6932
9349
3712
2582
3673
6972
7481
9354
1662
1034
6163
5396
2958
9934
3113
4991
6787
3677
5516
3713
6057
5629
7327
7429
7468
1860
1219
6712
5689
5996
4840
6234
1945
1382
6857
4581
8551
5872
5173
3503
5598
686
4737
2612
3503
9488
1587
4703
6557
3873
1415
4446
418
1742
8540
3486
6806
3476
3038
1047
2592
4305
5816
6658
6670
7868
6683
9048
9703
438
8276
5533
4648
6956
7254
6174
8815
9210
3442
9798
6355
545
8066
6320
8012
4397
3406
3378
1562
8021
9497
9192
2396
4137
8670
4386
3378
5062
1158
9877
2466
9438
4147
6839
3951
3982
4203
1197
9836
6383
58
62
9382
6638
336
7623
1134
334
1720
3744
3983
4338
97
1102
3903
1318
9792
5770
6103
530
8684
2329
4660
3164
8919
2982
4969
2185
2474
7608
2518
3940
8633
3736
7937
6160
9655
7228
6279
6302
6465
8755
5155
7834
6513
8860
7747
5393
9330
785
1939
9224
5625
2737
8753
4804
5919
4415
1796
9238
4552
2818
7781
6710
2508
115
8130
3238
1466
7930
6277
4780
8276
2846
513
6792
8288
7443
1621
7885
2990
3941
2790
7778
4786
6708
7509
7931
6987
1299
871
8790
9788
7420
3892
8395
2203
3739
6267
4246
3572
7606
7488
6377
5615
1902
3367
703
2869
9634
7044
1794
5694
7875
9205
3305
9467
4940
9025
2466
1449
4774
6431
9099
123
2006
3173
9530
4633
1059
3298
6892
1901
1551
7076
5177
8018
756
9351
6259
6329
7815
6203
5015
8779
7389
3761
754
5470
4399
6187
9001
7913
8537
3367
6131
4825
196
4963
6901
6942
447
428
6315
7323
8938
7058
9112
5822
6955
7861
891
4494
6137
5075
5341
2443
4044
320
1757
823
3768
5041
2644
3834
677
4501
6457
2661
975
2918
7421
7266
9320
2194
7702
8327
4849
2393
1495
6424
4170
4871
9752
53
4038
2958
8207
4114
4189
3087
1256
607
1103
2202
1627
4657
9610
294
5770
5940
6426
627
1347
3045
778
3474
8567
4040
5832
2380
904
9262
3722
4643
5123
3983
4842
1891
4768
1984
5822
434
7112
8619
9474
6529
2542
2276
4142
929
3994
2652
7766
1763
2383
1407
2411
2517
3394
4568
7059
911
97
7749
3691
9850
886
8953
4631
1490
7546
5756
4702
8818
1000
607
957
6331
3253
1544
6302
4896
9780
3780
6314
6056
4713
2427
2461
4337
3585
6648
9578
4604
3425
7480
5470
6245
6436
5225
5344
6945
7126
6842
7575
7009
5153
3356
4184
9013
1483
4242
6579
2821
7992
6254
1465
2872
5632
7880
1571
3592
358
7232
8944
7666
3393
3948
9067
5280
3869
4551
8916
517
336
6091
5194
3308
5415
2625
6964
7839
9965
6350
4968
2414
8698
8130
2895
990
9408
9053
74
6962
3655
488
1146
6488
4029
1773
4246
2048
6518
5188
427
3187
866
3615
1987
8634
8305
7745
7542
3693
2621
9125
8411
2150
7221
5269
9423
7812
257
6269
7765
5927
7982
7181
1522
4910
9856
4666
9179
6477
19
2321
1055
6566
6243
9475
9803
1240
3921
7463
1155
5822
296
1171
4480
3391
1333
5182
9492
1702
1147
5616
5881
5556
2930
7446
5039
2329
7876
8306
6390
4327
1509
1076
7878
326
7770
1900
1112
9159
38
2703
3163
6976
2774
6296
4785
2193
3527
4505
7183
3475
5197
3217
2521
7007
8769
757
8331
9011
7263
1375
6290
6115
4239
1119
6574
4787
9827
9411
9963
3303
7543
5852
5776
3015
6740
4905
6001
735
6602
6294
6022
2061
2655
3467
2345
1716
7789
5376
2095
3707
2220
9610
9255
8021
8069
6340
4908
9458
1133
3751
2891
2560
2701
7046
4332
5406
6141
9904
6610
259
5578
4644
8677
7762
1043
6471
6664
7222
4665
7423
5771
346
6061
981
9077
1322
298
7352
4331
7795
7739
137
1398
4011
8585
2625
2132
2796
5547
3465
1886
942
3514
835
285
6660
5574
6197
9176
2403
3719
5616
5885
9771
8372
2037
2332
720
9308
2608
8900
302
2543
3864
3449
8307
6369
1771
6243
78
8789
2092
7882
5742
1879
6797
6455
3723
5135
6349
6993
233
3752
7961
3439
7791
4608
3565
2187
3929
606
5685
1184
9814
8603
9527
4198
753
1661
2196
4869
9828
4890
8896
1619
6515
9622
2073
7311
62
5274
4655
6324
6180
3617
1939
6418
8640
5675
7799
5432
7297
9103
6647
6916
6682
3063
9088
9908
7483
6909
157
6892
5902
4486
8960
8884
5965
6739
8149
7945
3863
2354
9782
3902
2915
7156
2230
2184
541
2476
9479
3027
9154
3156
1280
3488
8077
7074
4778
991
4394
5358
2525
2567
6936
6977
8382
5284
7725
6584
8771
7028
5850
791
4030
6123
4300
1430
4804
565
4997
9954
9630
6785
961
1821
7581
3326
6446
9915
5390
1875
3181
7965
5769
7200
8622
7661
9716
4605
1066
2050
3785
1649
6106
4098
7858
1357
5648
269
7173
3615
757
9839
7999
7652
7676
8675
8327
3660
5690
3112
6763
2345
7773
4844
2324
3661
3405
9985
6273
3692
9135
7585
7133
6379
7199
7733
9209
8907
5581
9477
3232
8268
4446
3065
8198
7389
1931
9942
942
6486
930
7477
1517
7241
8355
3364
7830
6482
1333
3843
8676
7744
4135
5808
3647
9802
6985
1095
1754
7033
5503
4642
2689
4125
9908
5625
3996
440
7406
6629
108
9541
3569
9029
4500
400
3212
4385
9367
9232
1950
8935
8765
8715
7199
4258
7627
2654
1952
8731
2406
9837
6427
8893
9037
7155
1503
1880
8657
5725
2553
6349
8159
6214
9480
3473
4051
6941
5105
2650
1604
7634
7648
7974
5282
2595
3538
6823
4760
7949
4226
9172
4438
7165
8315
4809
6222
3722
2950
2324
7546
8201
2962
8240
3197
2030
4590
8683
9676
9538
9879
2598
1227
5163
9072
7259
2853
4721
9364
5083
4108
4590
2079
4720
1508
8253
4998
4230
1822
2624
5861
6205
1012
2958
2544
2669
7188
1195
87
6896
8778
7462
7831
4524
1929
381
2752
7829
5128
2850
3977
2155
1833
9573
4498
1134
5471
7468
5545
587
9797
9604
9566
4927
7359
4004
4596
7120
4536
8491
3015
939
969
5959
3135
2428
1253
9991
2264
3933
4372
2983
1927
429
1032
946
7646
2968
9792
3640
191
7805
5401
3674
3907
440
9881
5345
5499
2670
5043
3500
7315
5891
3314
9681
1596
7565
161
9603
8493
11
3943
8088
4086
6235
5095
2663
9016
5997
4283
3541
6340
7709
7356
7546
2075
8112
7721
7008
6626
5843
8790
1156
1286
5900
4686
5951
9452
6411
1245
3082
8431
7032
3181
5379
3014
565
8051
175
6550
4334
85
5007
5612
743
7280
7488
4581
1587
4324
2646
7442
9897
9852
915
9414
5475
5535
1938
7936
3561
3773
986
1019
7611
9348
5154
5051
836
2118
3949
4619
5045
2066
8517
3773
6807
7067
7816
1739
8356
898
8387
5319
4512
6933
9565
164
6732
1482
5145
8741
3783
6333
4100
4625
5868
3071
5919
6260
5778
5433
5368
1916
7464
8200
1701
1416
7279
1972
1504
2369
701
5640
4306
9785
8926
8320
8027
5513
3202
2041
1772
3455
920
7985
9886
3804
2868
840
6353
4303
1997
7311
5079
4580
9064
4857
8061
8149
3109
6552
2383
8874
1311
2668
6829
4928
1566
3317
8002
8277
7757
9798
7296
5926
6283
3575
8604
3578
4642
7142
1034
3157
8838
8690
5522
8353
9845
3415
5315
352
6636
113
9850
1292
4134
9435
7053
4145
2102
9173
5512
2164
1440
8279
4014
4715
1482
4637
8835
5714
2733
5708
2218
1112
4786
4965
5871
6723
7165
423
7006
6090
4757
8622
9865
1301
5533
2716
4416
6555
3389
8035
4173
1873
2072
5953
4078
6692
3567
2919
8822
9586
4196
1839
9879
6273
1484
7441
8720
1959
6225
8872
8625
314
4983
4065
6050
1552
702
4264
7360
6154
8660
7273
5916
7336
6946
2987
7485
3820
4357
4136
4548
8624
3587
6253
5198
2923
7164
1020
9914
7937
6821
3130
8557
57
1589
4332
6214
9471
3236
6469
9254
3213
1405
9933
3973
8147
4034
8639
3758
3447
1383
8003
5413
4667
9359
6327
5342
9592
3140
877
2772
193
6438
4789
2595
4449
7405
9480
4744
6331
4825
7080
8484
8036
2347
667
6536
3110
7209
5468
632
1380
7439
875
294
1276
1606
2483
5900
1618
151
358
5235
6652
4083
2355
4848
8855
6754
5271
7094
1377
9869
2201
247
3214
5650
3157
8188
1918
3639
3159
7597
5565
5052
1322
4541
768
1445
5056
6534
3677
3373
1097
487
4861
2034
2970
8604
4213
665
8892
7179
984
2256
5040
1445
3787
3104
9776
3850
9300
6085
2342
3400
6409
4092
7911
3767
5349
9305
3663
482
7968
7287
3575
7471
2047
4778
7986
2216
4153
6035
1438
3137
7848
2188
8168
8527
2825
1615
3311
9088
7409
8485
5641
7998
213
6774
729
8869
4353
6123
1332
4513
7845
6899
7234
8997
417
5321
1266
149
7504
1315
4822
3291
8802
2062
2172
1348
6358
4892
3395
3666
6145
845
3723
165
4372
4585
8987
7606
7673
5004
3510
6604
9601
453
6645
4030
4859
1857
6660
8322
2780
2606
3605
9672
777
9093
6660
4039
6871
142
7079
8998
8085
4335
607
549
4669
5286
5218
2990
3947
186
3707
2181
4531
9873
4773
3479
1004
1777
7305
6683
3048
2094
177
2994
5941
3839
1832
4454
9933
342
3038
4183
1279
8866
5549
6885
2196
8773
4476
7352
8341
1238
6674
1045
4047
7238
5454
661
5392
2878
9390
2971
5782
2852
2721
1031
4562
4709
9299
8434
2497
5813
1953
6370
2524
6953
3037
4391
8628
2948
9473
670
3570
5600
9195
8771
5674
3945
640
3550
5210
6167
5183
1278
4528
3508
9380
9413
2906
5250
3756
8071
6275
8765
4498
4021
541
987
5344
9376
8844
2435
4733
8496
4764
7091
1944
386
899
6354
8467
9277
8156
8271
3468
3420
9501
905
5894
3368
6927
4672
3695
9377
629
5040
6988
3076
7077
8826
3452
8003
6954
6507
1959
5758
4246
1308
1669
630
1757
4860
6422
561
9522
5034
6621
3022
8623
7123
9146
5684
8981
1195
7560
7207
9616
2396
6152
7543
5076
380
4324
488
4735
3960
5880
8605
9107
9627
9625
2016
7029
7329
7502
5369
6956
5248
6035
6382
5462
6096
7164
7298
1442
8021
6987
7053
9283
1121
4848
8401
3088
7791
1471
4976
7747
1127
2203
256
7530
9700
6563
9968
6405
2862
1830
6187
9073
4877
4703
6879
369
9808
4390
7362
2428
2045
8358
3514
5866
2273
5975
7634
8996
2853
5669
2959
7140
1319
3106
65
3727
6314
7102
1921
3955
8731
8356
6809
4998
8462
4877
8645
8943
1552
5714
4971
5876
443
7174
995
6773
9086
6877
6675
7625
6806
1132
6692
3636
5296
4038
5401
9799
3365
7012
4637
200
4654
4409
1146
2159
2212
7237
2873
5061
7666
9186
6259
621
4569
8673
6345
2776
6087
3533
9679
2102
6559
977
4822
9418
9821
2874
5098
9411
3187
8696
7821
1103
939
2441
512
2421
4348
3580
8214
4589
5846
2046
3544
2266
7890
7289
908
5599
3667
8527
951
237
5031
121
6886
2377
9542
2693
1268
2457
1967
1877
8406
6510
1405
5429
654
1463
2192
2906
3213
4071
3016
2811
2476
5444
4654
5288
6767
7962
981
5865
4914
3338
8764
3783
2600
1903
6108
6563
1826
4834
8995
6870
9245
5491
8770
8983
111
3971
2369
8587
4706
4265
6307
2477
7436
5851
342
6140
7390
5863
5609
9613
4912
7978
4278
7648
3126
8243
3960
9499
6344
2800
5956
2993
2491
4902
3912
2091
1201
1376
4480
7986
1822
4227
9679
628
7496
3145
1474
3787
7999
7679
8456
1195
4520
7139
2207
7429
211
9648
473
118
2233
4447
624
4028
5786
1517
8846
3630
1753
1213
2923
5411
9798
6182
968
1536
122
7088
5023
4912
6245
3061
1592
5728
510
8228
9884
5772
3562
6934
6718
4325
8366
3013
5297
3965
6147
1600
6730
691
4862
6676
4507
4665
4847
6295
3931
8057
2126
441
9695
1088
3111
113
9036
3729
8794
4105
5950
907
8612
1960
5594
9195
7371
5042
7551
4070
1870
3229
579
8042
5604
8397
9390
8528
1935
7675
3670
1516
6561
3983
2228
6059
411
5390
1228
699
5993
5613
4999
1532
1654
7973
662
9750
8911
1534
5371
7755
2731
424
3204
5627
3032
6134
4901
8187
8372
6597
5661
5702
5688
307
4046
2120
458
5654
4781
9961
2887
1736
6941
3721
4477
6349
3388
240
8112
8284
1096
518
2226
2271
9728
2259
5737
4295
591
7347
7711
6007
7193
611
7999
9824
8528
4607
2158
7308
7414
3921
6169
5826
5560
9564
718
9467
9142
2025
4982
9451
5967
7878
5839
1859
7908
9219
5480
3989
9879
6398
5711
8947
3985
9274
6239
6288
8637
6252
5201
3604
5521
7077
2126
202
2305
9525
3892
6947
1745
1588
3161
5611
6804
7325
1603
5568
2486
2101
5834
9327
4419
3051
9080
1402
1371
2232
8017
9689
903
799
5026
6016
4474
4912
20
6885
773
9364
3627
2765
325
6904
4651
5480
3428
2320
686
6083
5924
2023
4884
7902
516
1294
5021
12
356
3405
3056
9671
3269
7285
6274
2002
6997
7386
6755
5004
4192
9327
967
6412
6076
4828
6937
8264
1032
1072
764
3913
7255
9682
2476
3619
8004
2910
6277
7918
2520
3560
659
6557
7472
8231
6345
1158
2484
8562
203
9785
3175
7136
9211
6564
845
816
9963
7344
7657
9421
6883
4841
6685
9195
8661
614
9085
7664
3114
4536
5728
5742
3665
6296
6109
91
505
4513
6069
5850
3208
7580
1408
5529
5555
7164
4147
3182
854
8662
5315
646
346
6641
9078
1158
565
1927
7711
3637
8743
1243
4200
683
3235
5724
1116
1006
6643
1537
4402
5813
5983
9185
3367
3269
4941
3945
3106
5259
9215
3632
3810
2580
5307
791
4580
9906
4688
7555
2162
284
6629
6818
3335
3545
6948
947
2817
485
4971
4381
9399
5909
2116
9804
3568
7467
7904
1005
9321
5706
274
609
2119
3508
7916
539
9243
5009
6587
161
8641
3452
1189
817
3716
1154
6825
3501
745
6207
2801
3671
6903
8701
8035
9582
3744
5034
8274
5427
7501
1512
1485
223
8462
8433
7901
5845
7287
257
6746
3806
1976
2801
8970
4337
6779
1371
4837
5220
1245
1113
3568
2107
6135
738
444
5281
2873
3249
8849
2328
6592
3076
1972
1041
1988
9453
4512
2561
1889
594
6482
1122
1778
6660
5905
3848
8169
1263
5658
877
4773
1051
8663
5193
1797
5060
8150
5519
7236
4371
6579
8084
7262
5482
22
691
695
5222
2159
9149
38
4446
5948
2561
777
6319
9803
1322
8206
8380
6691
7831
3712
4356
9484
3051
24
8728
167
1707
595
6559
5012
4451
8008
7046
3675
1154
800
5477
3648
8368
70
772
4804
1379
7569
4993
4279
2972
6282
3217
1506
3224
2781
6351
7374
9029
5502
5255
7083
9807
1593
4091
8330
1251
2768
3195
3832
577
6992
7603
1125
1054
7927
5620
9078
7225
6567
6912
3877
5929
9879
1619
9034
1699
4394
461
952
962
5422
2800
3426
7166
1441
461
1362
6077
5789
2384
3126
335
4315
4663
1474
4522
1095
6069
9359
7485
7267
9092
1074
5711
8984
3383
9050
6494
3698
4044
379
6218
6307
1912
3400
9991
5856
3286
5700
7321
5768
7061
3690
615
3470
8676
3885
5974
5835
9112
6806
1119
3664
2416
7617
8989
767
529
7503
7265
9434
3664
5451
3752
4443
2956
5583
7440
3846
7840
4945
5072
1933
8203
1440
1464
5859
5061
8908
4532
7600
3054
4661
7933
9838
9434
6910
3530
9040
547
7914
814
8895
451
4578
2442
5022
948
8610
3691
5958
8649
1053
4077
6951
3408
7417
2974
7372
1825
9761
7602
4909
6588
2864
7790
6383
1957
2416
7203
5087
9152
4157
4845
2948
4369
5120
9834
5825
3254
9932
8392
1019
8074
3478
9873
5313
7501
7006
8770
1854
374
6069
8908
9426
6133
2044
6161
4192
1066
5417
8903
4572
3390
5387
7911
5868
8669
3098
8992
3373
9076
1320
8100
3410
53
8041
5401
5576
3016
7699
134
6129
9314
7172
9328
3109
760
7687
71
9823
9659
901
250
9317
4365
3544
4949
3925
8360
7437
7254
2301
97
9434
3842
1732
4364
7322
4754
842
6116
1848
6457
4776
4960
6292
860
2938
9054
5117
1677
9582
6633
9203
9575
9900
2762
6003
8561
907
9128
2429
8318
7646
8459
2108
7986
6033
1318
3169
8310
6608
4791
6976
4649
9544
2941
5348
8694
5094
1942
6760
7387
960
4273
416
1846
7246
4261
6815
1406
1624
4885
4336
6592
675
4403
3165
4162
5000
832
4835
7661
9914
3541
5362
5693
4163
9972
6005
9864
7425
2176
3104
2328
2084
3202
7013
6296
6590
1772
3770
5868
4135
4180
1043
1545
2591
350
6485
6362
7924
413
298
2270
6398
1482
9373
1901
4077
9454
3061
5179
7135
5493
3937
6898
3879
177
4581
310
6763
2244
1810
7849
6301
5273
376
9507
2856
3077
902
719
9539
6511
9446
4332
8453
7423
3571
881
4689
8874
7364
2739
8500
6523
5051
3680
487
2355
9103
6804
9313
7025
4835
7775
6346
8809
2900
5162
6781
2065
5198
741
7546
645
6301
5110
1437
5583
592
8696
403
2382
6365
9089
3901
949
3499
4681
9052
1881
8112
1720
9321
1790
6706
6864
2989
2439
3117
5324
1991
7675
1332
7866
7703
8848
7992
4823
5133
265
9327
5733
7793
3419
8839
9918
2030
6420
2319
2781
8510
6504
6151
1754
2388
4979
1004
9680
2858
542
6541
5517
1442
3196
2059
7483
9059
3985
6962
107
194
4100
7440
4921
5026
1982
7097
647
9189
5829
1300
7046
7882
3939
1051
6202
1127
310
1542
664
4547
5293
6783
2135
81
7357
531
5131
834
182
4339
7426
8205
8832
4477
1564
8644
1090
6262
2657
6763
9158
262
2240
8872
7459
9268
9659
3950
324
9624
3279
3215
5745
4426
8244
9882
1482
8010
9364
6191
2265
8512
4493
4506
3989
9138
6970
7886
3849
3828
638
6201
1183
3400
2897
6231
1699
9344
7440
2442
9413
7251
9447
3743
8927
2786
8873
4857
6488
2389
2603
5373
2812
7449
991
5607
2867
1903
2027
4987
7258
8968
229
8875
6026
4323
7659
4119
7513
5323
7147
4644
4427
5556
2548
6673
9731
3745
7282
2314
9226
7884
398
5982
8936
7413
688
2521
2567
8417
7408
1429
9710
7385
1057
8605
2063
1673
4588
7437
2001
5796
2061
1453
8148
9259
6922
8886
9004
6867
6350
7385
1676
2923
5089
1730
9345
443
541
6740
9395
7777
8987
9834
7357
8727
3795
3001
4746
6650
256
9190
9511
7738
1019
9534
5354
9310
6021
3891
3278
5776
9507
5549
4956
2605
2742
5045
9488
4255
3407
9132
9393
860
7901
7041
2501
3092
7569
683
1908
5370
5555
9081
2581
5054
9472
2084
5361
9375
650
9764
2238
4433
7387
4100
9554
3467
9538
5652
4034
6131
4896
5990
49
9369
7495
8877
8966
6154
1397
8501
7999
1545
1868
1912
4412
3746
1288
1285
2138
5569
5717
9476
2611
6172
531
2163
484
8577
9002
7980
7874
4846
9121
216
8779
1586
3431
4025
7386
7442
6485
3307
6967
6952
8084
813
3985
4798
707
7089
4848
4497
9515
1343
3581
1970
3575
8137
9344
2819
576
5284
6458
5837
9554
3469
8600
8220
8430
4856
6899
5731
1642
6105
7244
4088
3079
7243
2142
3134
1796
4769
2823
5870
7253
1843
6050
4144
4436
2961
1508
3082
2579
6711
6478
3291
6280
8567
1732
1710
1772
2394
5406
4323
6600
4515
9425
2372
4503
1365
877
9569
8772
4029
977
8257
2877
4471
4192
1362
6581
9999
9053
3490
857
1887
1092
9478
9737
8274
1381
4413
5225
2958
4116
8165
2226
715
8734
3729
2293
6092
8456
4454
9273
5492
5885
2410
9607
5512
2315
3838
1450
192
3913
9799
5307
9137
6311
9464
4258
7327
1621
7706
6391
2316
4748
4058
6069
9406
652
3073
2852
6365
2615
6410
1881
5660
4663
1760
7270
7045
6724
7285
4162
2949
588
3836
3415
393
3591
5255
6133
6148
1745
689
9333
220
9321
4055
5430
8089
4210
9923
1269
3159
7693
1946
3205
8596
3622
46
267
2698
6762
6110
1797
7454
2605
79
609
8409
3409
2103
5419
9762
3268
4262
2992
7206
6326
6565
623
9534
91
2246
2267
8825
572
8879
8872
6497
5773
2781
8582
6466
9186
2664
2640
8036
5384
8782
4818
3776
4920
5800
2613
7351
6235
8796
6996
6512
5612
2377
2188
1569
7035
7785
7698
8129
9048
6436
2054
4549
4981
3619
4153
1814
1109
1534
8255
2725
8410
9106
6084
9098
4320
6038
7298
7356
44
3698
1514
1077
2436
7033
1020
6962
1315
531
3794
3668
2352
8879
3515
838
5533
7804
497
2742
9301
2311
9991
6806
5858
9944
4846
6832
7071
7053
2514
6410
5170
2225
2878
3827
9345
963
6809
7979
9788
1392
1988
6761
6240
6059
7880
8161
4684
1958
623
4517
6804
7854
7152
5043
2828
2493
3672
9581
2699
4832
5238
5575
9880
3888
5857
3692
4173
3986
6069
4284
303
6987
3416
226
9181
9737
157
2774
7951
7773
865
6385
698
3461
3009
6967
8583
551
3179
9637
1788
1740
1803
6607
2050
8416
1811
6094
2869
7938
420
1857
5946
5134
300
2257
9846
4355
8952
4749
2711
9304
8176
1033
8819
3921
4495
4838
1753
8458
8636
3331
8277
5841
287
4071
157
6273
501
9699
2329
1143
8226
1901
231
6579
4740
3094
8582
5299
336
5458
7587
6995
4184
8970
9210
5216
3419
3562
8109
9762
6674
3466
6291
482
3096
8636
6920
4679
7113
7354
2252
5051
1485
3306
8327
4609
3577
875
449
2353
1383
4031
8122
8452
8726
2212
3427
9193
9244
7148
8919
796
7589
9638
2334
4167
3637
8911
2904
8745
9768
4036
1629
9438
57
3912
1050
1209
8876
4856
342
9404
3785
1660
6620
9847
9346
2642
8829
5632
2372
1041
7383
693
934
5881
2279
7733
2808
5341
6111
861
6747
8486
9307
6189
600
4492
6154
359
8308
8964
24
4247
3284
89
5848
1527
6878
8820
4008
795
9746
4649
9408
6735
3033
7007
8344
7030
6205
3800
4632
2342
1076
7930
5801
5039
7852
1624
3532
1999
6267
9023
2514
7167
1168
8011
7159
8338
7568
4305
2536
9719
4914
5920
4268
693
671
250
9920
9737
7399
225
5503
8640
303
2693
9020
4509
3402
1914
8785
7013
3496
9386
2938
2852
4192
6673
6163
8185
7694
6601
1202
5615
867
9202
1326
1348
6874
2634
8953
2677
4254
4934
8808
2210
8990
4676
5074
2286
4505
4636
514
507
6159
3345
2331
8622
8997
3546
214
2706
8695
9783
7503
6810
5225
2432
1515
2106
8869
3228
774
1461
2388
4706
223
8218
9529
7489
593
2666
249
7477
7199
443
2900
187
9631
3489
2417
4749
6181
6973
2412
8092
5138
1189
7931
4454
196
3234
1446
3949
4570
6320
5815
2037
5733
1620
9788
9203
264
5270
3881
161
8799
4035
240
8634
9508
2648
5818
5938
6391
5297
8588
6037
4471
270
9982
1259
7847
6623
1356
1329
9110
2827
6959
6268
9334
7519
8347
4818
5821
9074
3963
3513
1875
6958
5651
621
4589
1808
4518
7054
9604
2138
7692
9450
9640
5883
3401
9205
3121
6028
9854
9999
3009
2252
5551
1473
7293
5824
6802
9726
4100
476
4651
1332
3286
3478
6706
3530
490
8433
5525
1133
4272
3073
1702
8428
6893
4908
4977
6855
7202
1718
4457
1093
7733
5818
6347
7489
6340
7510
2144
1179
4813
2973
9278
3235
1590
8866
5453
7701
7714
9205
4356
8309
262
3539
8827
3565
912
1429
7268
4340
2379
9353
4995
1837
7734
9309
6011
7336
9560
5794
6200
8303
9536
917
6564
9134
6602
3657
2735
8100
4698
76
545
7830
9993
463
846
9729
3866
2277
9784
3507
7893
8275
5578
6728
9445
4963
3522
356
6922
9112
1884
2378
7734
1804
532
9927
5218
5871
3992
4769
4596
8031
1667
9253
6934
3217
9424
5615
8087
4592
7278
2170
7414
5471
5356
7886
1732
3468
1740
9273
7395
1846
341
6672
5617
4403
3671
4868
828
2529
5889
1024
3050
6711
1217
7127
9614
7911
4689
5018
1596
1101
1601
7406
8664
1878
6684
5564
8313
5944
3706
5215
5391
9641
6328
6488
3932
4134
7588
4363
2728
9469
490
657
166
6388
5982
6626
1418
1975
971
8724
5781
165
9255
1577
693
4318
2834
5814
9568
2003
5890
5401
4459
2282
1134
3785
6901
5793
9257
9040
2358
7355
3683
8202
2107
541
9966
1366
6060
1499
4063
1006
5386
4407
8170
2248
9050
4870
156
4519
7086
3308
9586
2920
3311
8824
6439
3787
242
6124
6066
615
6229
7036
1800
3705
742
5748
8063
9275
3590
6875
847
7440
5019
5403
1776
9634
6259
8286
8803
9104
6565
4570
5252
4903
8624
5906
3250
807
5681
5041
5827
9556
6614
8295
8867
1757
197
5593
1730
1966
3379
8182
3786
1638
9412
1801
4649
9040
3281
1530
5547
9028
8229
3682
9938
5574
6795
2755
1122
2334
4714
8607
95
3793
2084
3118
8777
5187
2354
788
8348
9076
8477
3468
582
5446
5193
8210
2929
2826
9968
9086
3363
8598
4460
6427
6445
7538
5354
3694
1039
291
2303
9259
3336
2227
9391
6120
7134
7474
2116
9330
9028
4305
376
2045
3605
8105
4069
6553
8407
6081
7262
3322
3141
6377
5997
7152
7731
308
8289
5210
1230
9833
9435
1242
8676
4423
8181
8352
4227
855
4944
3319
7681
8422
8881
4891
7236
5675
1043
5670
7163
2824
4475
7362
4284
3883
5315
343
9820
1068
9748
3525
9216
2606
4211
2894
8554
5411
460
8474
8986
2215
7111
3126
7960
517
6236
7605
1515
4562
1473
6217
5278
8070
106
4285
2568
4598
4184
2791
365
9307
8269
697
8228
8275
5812
2559
3643
8860
2841
4082
3247
5769
94
115
3998
4036
61
6493
4934
3810
8193
4848
4381
6167
3412
231
5667
6979
8977
5377
9008
8061
6248
8790
2448
1735
6878
6709
8034
4916
5376
3180
2625
3649
746
4520
1480
8272
685
5692
984
94
8059
8973
9877
7414
8493
2033
6956
8837
3194
7340
2093
8574
2153
1593
9891
3884
2960
6836
7668
2479
28
2943
7980
7531
3138
3978
2242
4401
687
4900
4053
7557
2256
6491
3173
401
1221
5250
4407
5928
9098
973
5182
7410
693
298
1128
6237
9018
5270
382
690
9545
7532
6694
6482
3288
2300
1016
5690
3724
1758
8441
5593
7040
8782
3696
7011
6592
8863
9102
9399
6821
967
8390
1541
9497
9893
464
9144
5622
2431
7831
586
5963
4452
6185
8008
4935
8048
2949
9980
8169
9824
7812
9203
8489
8250
4428
3890
4779
9980
1671
5036
2289
838
9185
5418
6745
523
8461
896
8809
5167
4167
4372
5341
9531
8014
7272
5924
5490
1213
8613
3484
4260
3529
7357
8940
4528
1754
3002
2538
771
535
2858
832
9514
3214
1979
333
7744
9930
9443
1569
803
8906
2760
2698
1414
553
9966
3569
2161
5639
4488
7103
3292
6270
7585
9737
4717
706
7681
7380
2519
5136
6914
7192
4681
1794
1132
4527
4329
5268
4778
5390
9043
7090
2602
2564
9225
502
4911
4229
416
4343
8262
3779
9967
6106
6039
4222
5211
574
8710
803
8003
3196
839
7312
4452
4378
475
8977
7546
2283
3848
498
3898
850
454
7646
2489
4446
2126
3615
1862
908
4785
9945
372
6331
7776
2078
5065
5003
1534
7261
4388
1712
5997
4447
6503
2910
3390
7075
2085
472
2977
9933
1398
6694
6571
9167
4413
96
5128
4197
3670
9620
9599
8594
8634
3437
9989
3038
1955
8024
7914
3558
2595
7689
3580
3271
2786
1440
3751
3468
7296
4957
2702
1478
2038
3003
6849
543
4379
618
5524
354
989
3738
4974
2208
1125
8110
6276
5661
5830
6117
8868
5883
2049
7486
2275
7802
8680
1296
6150
254
2507
2328
2587
9921
3434
4399
1161
9103
8178
9005
3901
7518
3345
2194
5103
5417
7121
6430
9981
2038
2411
3304
5908
5841
6280
8792
4638
7803
4831
4530
9953
4471
9535
3229
9762
5292
4535
6888
634
3068
5295
502
632
7178
4734
8266
4273
3462
7178
8419
9470
7323
2308
5258
8606
9549
6026
9328
8855
158
6370
7144
5283
3879
5992
3117
3261
6960
8975
4075
8653
5029
6969
5204
1149
2711
9170
6143
8850
8398
1671
7447
37
3567
9256
1356
2981
1783
4957
7216
1796
4980
663
4498
4321
6529
3487
2006
77
5706
8664
1506
6385
8152
1182
9072
268
5589
7386
3948
698
9417
8932
5580
826
6369
1481
71
9866
269
3622
3735
2392
8547
6292
8481
1442
3563
4900
3408
9954
5485
3870
2934
6980
4138
1264
3806
7548
8424
1896
2116
7315
7705
5336
4291
8784
376
2505
6799
1544
6904
8958
9381
4483
2319
2589
61
6223
488
512
5298
4690
532
4273
4220
5506
6828
7082
6662
4713
570
8709
1623
432
935
9247
7213
418
2870
6452
8945
3847
784
7015
7973
7233
7468
2418
8652
9313
8257
4119
5556
186
35
6882
4036
1825
170
2182
5686
6411
2590
5101
9456
9272
9861
8281
5584
8591
9396
3861
7331
1456
9885
7403
6176
912
1637
5347
6079
4540
6285
8550
5534
6012
2592
7703
312
8274
1139
9884
8882
5891
7793
579
6339
4812
740
4324
8930
9891
3907
2547
1564
6514
6641
2700
3043
3959
4250
2513
1859
1126
7830
8068
4850
5838
2886
1169
7179
6094
5299
2028
9792
3560
9481
6401
2039
9644
7279
9499
2955
9228
9222
1633
9193
1122
2057
4634
9226
848
4334
1332
2506
9613
9423
7105
3741
8802
7872
3568
7216
9337
9024
1444
2763
5456
109
6053
1655
1704
2008
2550
3345
9414
3339
7311
8462
5377
6319
8422
80
751
2636
8494
4053
4674
576
6711
8610
9063
4069
9457
962
3792
756
9081
4198
2996
9055
5627
364
9838
794
8330
7576
1505
4957
8813
2409
1377
2731
2969
7181
8208
8687
6691
7676
1529
7609
8923
6451
7282
326
253
4470
7704
4617
2624
804
4599
1314
2020
9
5271
3958
5068
6225
3184
7919
4785
8793
1186
3566
7654
2583
1087
3996
6403
8308
6620
8121
8670
1326
3746
4669
8499
1036
7243
9818
2721
3319
8617
9304
7776
3009
6123
18
389
203
7277
9064
6709
2152
4940
4373
9563
5445
8939
3967
8449
223
3731
6398
2105
2387
6803
2948
8941
3736
3218
6843
8730
9448
8055
4952
6205
2938
9857
4458
1696
1813
6184
5946
9314
2952
9297
5674
9877
5770
5599
4266
1082
3090
3913
50
214
6354
877
9217
5499
4090
6308
6356
5928
6229
5721
7471
9139
7164
8639
2326
4147
3609
352
7994
532
547
2209
690
2708
1852
5679
858
7158
5503
775
8669
7622
3992
7578
3325
2097
9117
663
1877
8124
8588
9619
4633
1926
4423
6643
8175
880
5134
3059
4736
2169
3537
5616
7352
5380
3602
6803
6653
3231
8086
7818
9926
9013
315
2224
7396
6504
5808
8842
9204
4365
8210
8345
5640
1263
7192
9976
8316
4219
6736
1554
6706
241
8360
3690
5541
497
428
7880
6488
4204
7471
4326
729
3273
5056
6199
9497
6605
123
5312
858
622
4171
4679
8786
5225
3956
7504
9857
9792
5031
10
5944
1170
9941
4132
8949
1530
1470
6623
480
2616
433
809
4456
9653
6763
7181
4066
5861
7077
2190
6139
5894
361
6508
6271
3588
5459
1914
3618
5951
6145
7776
2427
6191
3693
7779
9725
1322
2339
828
535
8549
5885
1979
1207
6496
7111
3507
5059
8145
4898
2802
6293
4603
3499
7195
4917
5525
1364
1000
2516
872
9838
2650
2874
11
316
5413
1092
2489
4759
8080
9677
4147
1109
6942
9642
3732
8690
2913
4353
3286
8389
8385
493
5229
5991
524
6836
2987
5215
1394
3503
1783
9319
6685
9925
899
930
4111
542
7486
6595
6597
8771
1036
1253
3151
3672
6990
7966
5823
262
3771
1534
5117
531
6644
6586
8714
1376
3829
5267
5193
2325
6355
2525
9373
8349
6455
807
9609
6512
6273
5314
1614
7843
3331
126
4066
4044
4772
6773
3771
3319
5682
4397
5509
9443
2249
2191
3298
53
141
5369
1723
8408
2452
5589
8405
3225
3312
7173
1658
1538
4743
4408
2404
6699
725
5920
2713
2000
7725
6709
9523
8984
2872
6011
6399
8798
3885
3429
4416
1636
5125
2122
703
486
1518
2091
6086
8797
7910
7492
4144
475
8328
9457
4831
523
1767
5269
9088
6878
7355
2176
8104
2661
1023
7879
1566
2283
2927
2821
7185
9230
5202
8458
8693
8610
8698
7148
5502
584
8589
487
7280
8268
8946
5274
607
5636
369
7052
8620
8321
264
7339
3822
3175
7332
1008
1140
8140
4824
6568
7931
7798
2433
3389
8658
3178
2387
885
9365
5646
4240
1371
4785
1809
6732
8778
6321
829
2252
4471
2170
3530
3368
1586
5611
4190
6490
7164
9313
5002
9648
6165
4401
9270
9607
4369
7451
7647
3845
3414
389
9576
6798
4895
2795
167
1514
261
5926
8199
5060
1200
1044
1872
4250
7677
9761
5553
9052
4276
9992
1998
364
3016
4107
7028
8377
7627
659
5261
7864
6698
1229
4104
6119
5079
857
1420
9895
5711
8335
4739
5049
1629
1200
2627
8970
9507
5309
1202
1906
4747
2159
393
6757
8175
4006
62
9737
4479
8794
5066
4660
8578
1493
1843
6170
3373
6928
4526
8006
930
3837
5090
2884
4840
3841
230
309
7679
3830
742
5556
5864
9789
7239
3055
7064
7714
4496
5107
9847
4560
1073
4188
3426
5742
124
7180
2827
2687
9255
3737
1067
5589
7309
7311
806
107
1046
4483
6532
8187
7118
2208
3635
9691
5265
8604
5693
1714
4481
4445
4897
6546
294
7035
1258
8792
9209
9967
3448
7091
5053
9021
924
6485
845
5231
3151
7251
1427
5309
5928
7977
5810
1944
673
2371
8875
1483
6265
7334
9828
4340
481
4723
6658
2398
5323
285
4404
6065
7638
1
7156
3337
7245
7597
3955
9510
5796
9834
9719
3326
813
929
2729
4193
4223
6008
1316
6106
3091
7653
1996
2406
6316
2690
6704
7477
7192
43
5995
3471
5958
8249
3730
2354
7769
9730
4083
9383
5135
555
9112
5961
5008
2364
2820
9521
7963
2202
9767
5832
9704
5227
7336
2006
8479
3668
1428
2986
9882
3057
75
342
7219
9206
36
8762
9200
3342
3893
374
3386
8177
8225
2017
3203
8872
3205
4228
3672
8245
3288
6546
6760
5836
2074
2663
3110
747
430
1410
1337
4776
6788
3235
7881
2537
9788
1574
3436
2762
5426
4069
7866
812
1695
9216
5688
7859
9998
9419
9510
3358
7741
8513
1833
1730
3024
3671
4293
9404
4962
1094
1844
5498
512
123
2222
3354
765
5709
7192
4504
3069
6853
7232
2518
284
3412
210
1875
1419
9490
3525
5162
3091
9884
4453
8011
259
3749
5456
7066
4285
865
1013
1053
4062
9858
267
7428
705
9470
6915
4635
3850
7713
782
7126
9169
6138
861
1553
3700
3984
650
21
1956
4015
1328
2615
3585
551
5692
2494
536
5087
3934
7577
1039
3184
885
4746
5503
3872
8426
4969
795
2130
6266
5628
8145
4394
7907
2102
3805
5067
9967
6337
3468
3734
5751
2360
9875
4655
7059
2209
7889
329
1135
179
4486
5006
8661
3628
1352
4308
5145
8231
6959
5438
4409
9005
1184
5812
1702
1727
5974
6298
3790
4638
5839
5559
973
7450
2015
9956
5250
7508
2375
4239
7816
870
2921
3444
9872
5748
4451
857
890
8507
2676
8529
4394
4517
1284
43
1844
2645
3507
8547
5563
5282
8953
8403
9675
6619
8370
3141
4784
9894
2170
5637
9362
9027
8816
3061
8466
8694
7287
6195
5109
421
832
8415
4027
6502
5708
3446
6748
9593
1480
9046
3858
1006
2516
5655
4901
5326
7919
7404
5249
875
791
9772
8264
7296
7527
5215
636
2239
973
3539
7922
3323
2019
5733
205
1788
2326
1657
4105
7865
6428
8576
5574
6559
8592
5621
1485
6316
5692
2210
8911
691
5315
8860
2202
3316
8241
8295
9911
66
7589
8750
2141
6897
5420
2880
8614
8714
9735
5119
4617
7541
3742
1482
8780
4696
6472
5594
4538
5495
6498
1218
4548
3468
8926
1250
9432
8913
469
1948
8004
206
2711
1764
2772
9303
1551
7983
2403
92
1162
8858
8398
3192
9226
7933
8604
7636
6948
2869
9776
6290
7054
9071
5562
4921
8110
2555
9786
724
479
630
5219
5176
9030
698
6294
1246
5793
7372
1990
2354
6471
2201
6196
8655
2493
7844
2630
6741
2350
4364
3159
1893
8921
3051
2392
7074
6950
952
5030
358
1740
2957
1583
5417
6868
4810
9980
3301
6212
4522
9708
2708
5003
4318
8771
6930
3915
7685
3195
4966
6630
6881
9268
358
8432
4020
6659
4085
4399
2777
5634
9640
5720
1624
6430
8853
2045
7943
8977
8956
1473
3600
1434
1250
9257
9480
4508
7713
3751
4087
7907
1873
8676
9520
4705
2570
2616
9952
9086
303
6877
9117
6069
636
8926
7197
9224
2360
9631
7992
3934
5394
1166
644
4240
3915
9288
3586
7434
9424
8242
1474
888
2771
7915
79
3615
5380
3764
7734
3368
8155
7530
435
2298
4711
8841
4853
339
8409
6664
6937
4645
5423
9763
2995
1261
4408
5090
3560
7687
1226
6465
9918
5609
7155
4781
6677
1341
3110
4016
3430
3347
3284
9794
5566
2119
7859
7254
5893
6559
848
3025
6141
418
7131
3103
9146
1001
1479
5839
3734
155
8070
8785
8387
7686
8996
6806
7222
9133
6508
7502
8579
4683
3173
2257
7182
7761
915
3336
7666
5029
7986
4711
5943
7618
2102
4401
7417
3396
678
9949
4527
7426
8481
2518
9709
8561
5696
8821
9468
2444
1132
6280
4508
940
3029
8355
7542
6625
8994
4135
8239
3760
1924
465
6730
6912
7166
2355
9787
9388
6493
7609
6367
3239
2173
1820
9459
5013
7303
8176
669
6941
9222
1002
4549
9188
2846
8559
9758
193
6389
4560
155
6288
9779
2846
3946
6619
3269
3510
8920
7003
380
984
1210
9748
7799
3208
2744
8441
9186
7487
6062
4210
2178
8584
2988
2494
9354
6070
2076
4606
7465
1863
6062
2101
4398
2386
6239
9883
8416
5693
5171
6945
6081
5665
8990
305
9457
1116
6861
848
3733
2662
1675
6726
4699
5645
5663
3546
8018
6308
8636
7781
3378
3577
1682
5738
9561
4935
9152
8069
4883
3046
8652
8092
8143
3818
4962
1513
2788
2037
7440
4366
2368
1241
6300
8682
2372
6540
8644
6733
5615
2542
3275
3112
3710
3647
7303
3188
5991
2704
6992
9628
9193
3336
9876
5447
3278
3398
7168
3203
3198
9534
7375
8939
1051
4062
8607
7706
6427
9594
4738
9853
4757
8563
604
3989
7266
9286
4658
6390
1320
5284
919
5682
8502
2959
4595
4693
4290
427
8846
7620
8322
7149
7855
2337
7738
5825
8401
8419
358
5184
4196
9452
9085
6866
5743
7129
957
9377
8130
9574
8547
2579
1861
9820
9460
2946
1362
221
516
3472
1301
9668
1406
2414
3961
4902
9843
8799
3988
6884
964
2573
2878
3045
522
149
1902
400
8830
1784
4593
8065
1575
8270
1872
9936
4059
5036
4932
648
6819
9736
3330
7633
3197
5900
1390
3230
2861
1840
5449
9508
7987
1529
2335
6742
3471
7039
844
9355
6901
132
5893
7244
4870
8996
2304
1800
8968
4988
713
1699
418
9366
3489
6412
9195
8789
4410
3741
4492
3542
6430
5207
8990
5085
7901
8733
7852
9486
8660
3791
3707
2815
5758
600
6346
4037
2157
7744
1305
8382
4995
5697
2668
2713
9476
1610
6163
1750
7639
4168
1202
3195
2723
6531
9359
5725
4871
3186
8171
1831
2860
5023
6591
3906
5670
4798
1515
8435
6783
4663
7407
2916
7220
6720
3980
2325
9383
1152
175
6760
7814
9338
6639
5654
9201
2099
2222
1980
9248
5271
1632
5047
928
3005
5289
695
7612
6590
4112
620
7453
3001
7212
113
7622
2129
1282
9435
7588
1825
3852
1302
3813
4745
7317
8142
1479
1580
3413
8668
2195
8123
3131
7063
2051
1127
9023
1873
3872
4711
4990
5836
267
338
4103
3536
3418
1776
5850
1898
1382
8721
4216
1083
834
5627
178
1594
6744
2074
103
3031
3915
4697
5104
9141
6484
1928
5903
1468
1305
522
3532
5076
2933
650
7001
522
8073
7240
9831
2561
2332
7444
5428
6011
2963
5503
5807
4117
8084
9719
3921
6067
3795
2563
3276
4953
1803
1121
1360
605
5481
3955
7275
1072
4847
8282
4141
217
188
9538
4316
7636
5494
2097
4441
9450
8208
7541
7227
2548
8457
3788
8077
2864
2830
6843
3402
1517
7620
137
4198
5993
8405
5856
8083
6914
8607
6637
169
854
8519
6520
4741
2377
2806
817
1856
2233
290
8906
740
4963
6766
1932
8611
6163
5973
6671
305
4260
8618
1210
4656
8868
6671
3538
4491
60
9654
930
9633
4653
3739
3601
3289
6153
9218
397
1945
2955
8539
9836
9655
2067
1686
4002
5334
8834
878
7429
2029
6112
9172
8509
5298
9987
855
6155
6223
9259
337
162
5007
6613
9797
7224
6357
4953
3215
9791
7779
4613
830
628
5777
5809
1462
2564
9588
1976
4321
6317
1061
823
4992
1563
9338
1618
1212
9671
3956
9479
9587
4736
6415
1072
2237
3064
9305
8734
7842
7076
2604
6976
9575
7731
2234
483
4054
9995
4811
8788
6335
9966
1376
219
5680
8835
4758
7225
25
2435
4260
970
1499
6386
6047
1591
8459
7934
4439
6919
4758
123
4999
4776
6190
9208
8292
7436
5003
4313
4213
1658
8747
8982
8226
1545
9264
9516
9851
3414
8706
9986
8118
1965
591
6012
5795
3523
4771
7247
1853
3513
2965
1116
2231
4861
289
966
1323
6740
4653
9896
5062
3057
951
8165
5542
452
4543
7893
4689
205
9219
8365
2328
6900
4853
2418
5241
624
9988
1208
7786
4709
8797
4853
8858
9463
9356
9038
815
412
4217
1382
7093
8227
615
5897
592
1838
8508
6198
533
3669
9937
8239
3695
8662
8092
4179
2778
6975
7924
9704
6467
1935
5276
1919
6072
7540
9635
6087
9375
1792
5874
4843
5217
1293
523
4636
9269
3122
5159
2913
7837
9125
7280
4688
5886
5070
6517
4660
4416
6698
7768
9692
1995
166
8324
6884
4734
279
1614
6400
2733
4849
2099
5939
2897
1681
4952
1875
6223
361
2801
5198
1775
4372
8581
7402
3998
4537
1045
6627
3624
4026
71
419
8156
8291
8133
7920
7846
6733
9539
8949
1900
9700
8749
304
8997
7727
7497
6946
3737
3786
7141
468
5818
6837
4598
6829
5131
7546
7534
9944
7766
3327
1541
2086
9030
2657
870
8862
6616
7409
1319
4459
3741
5891
5091
3376
1094
6836
3340
4790
204
5449
9817
6735
398
4441
2263
876
6048
1726
9379
8064
5600
3454
2551
7249
6646
4198
7461
8068
6681
8082
97
7054
7628
9353
2655
5076
2171
2033
180
8535
1100
8090
1527
440
4387
5875
4154
4833
3139
357
3730
999
488
9023
8620
8536
4079
1565
8850
6410
4005
1432
2397
9041
1121
7312
7894
1594
6864
9712
5134
9252
9750
9019
2968
624
5873
7345
5488
3947
6208
474
9953
7653
3071
40
5035
6706
6627
4762
8754
3234
688
1495
4844
3003
4606
3021
2160
9597
8105
8348
9212
1231
797
4202
2304
8107
9987
9426
3986
9183
6035
3323
3330
1144
5600
8000
3016
7436
756
600
1245
6854
660
1909
1413
1176
6491
4321
6809
2481
9945
4183
3056
8607
8745
3897
1553
9263
8357
688
5005
1402
2146
1784
9647
1164
9481
6423
7090
6954
4965
6489
1767
9342
2571
9159
4159
373
4819
8479
9239
4378
9764
4790
1105
4748
3545
8523
4729
2091
8975
6655
8344
7630
6275
2718
7568
1767
6058
7208
2338
7770
2391
4805
8612
3380
2683
7396
7422
2472
3906
8183
2137
1557
8519
7820
3872
4677
9379
6453
1954
8939
2332
8532
7147
6444
5258
7063
8216
8531
1878
7135
1580
4881
9879
7883
9727
1079
5538
5338
2139
6424
1134
7183
9416
8173
2613
2686
8265
201
1928
6550
5346
