6360
6116
8071
1585
475
1750
5432
123
2197
2520
876
1474
412
8206
2351
5879
5098
8359
603
2617
452
3950
5132
2914
344
1520
1804
4455
8169
4848
8586
2520
9047
5922
1995
6709
4229
3139
3256
1642
6205
1369
2080
3286
6325
5971
2836
5221
6447
8963
4193
6057
2601
9616
4595
6403
4219
2867
9451
4375
8220
9259
8815
8971
5137
9543
7839
3330
3479
1446
421
4838
3945
371
8396
7179
5410
3477
9887
9868
7107
7335
3746
7886
1942
7648
965
3633
5766
2110
1840
297
6484
5045
4459
8904
8268
1816
988
1743
7668
8449
973
6870
7169
1904
6035
2195
5991
2403
4224
5707
4390
5697
194
642
5760
2690
8630
4326
3497
9829
9022
1803
4557
2271
5898
4994
4982
1043
1984
6200
4671
1253
9068
7066
5075
8878
9480
2643
7098
1750
3170
7331
5370
5712
8059
7510
6793
3711
9981
188
8063
1712
3087
4255
7722
6828
9676
5329
6122
7012
9780
1068
4466
1577
2738
9549
2773
7991
441
873
5523
7016
2082
6061
2819
9007
8067
2762
2769
4554
1521
1221
3240
2573
445
3502
3014
1600
7203
9999
2328
719
4224
4767
4229
4890
1698
9216
5452
8662
3344
3551
5788
9317
9189
5866
3716
4599
7625
7201
7923
3206
8400
9630
5136
3943
2330
7666
2201
1674
2077
6078
2424
9754
6771
4799
3121
4397
6413
4681
5547
2096
5567
5909
3351
3048
3066
8266
8864
4327
4175
8342
9115
3077
1355
5864
3176
8763
8924
9618
1155
3191
5187
9494
9643
3265
5668
6835
1455
7214
5051
2397
5888
4006
3368
6073
4026
7487
5721
9512
1053
8680
8117
5202
1249
1612
9227
2531
4713
4767
1070
9209
2732
7516
176
4081
3416
8343
7103
1701
7254
2329
5237
5197
2845
8831
3689
5474
2726
6170
7066
7362
6097
4665
84
292
8430
7667
5511
5142
8115
486
6533
574
2306
1772
1240
77
1378
9951
2541
1735
1089
9179
776
6810
565
8166
9347
7893
5894
2360
3091
4629
2208
7733
8726
361
3787
6537
286
6650
1471
4564
5253
6862
8452
53
4369
9894
6775
4189
690
9272
4738
3279
955
9477
8470
615
4889
9406
3216
6692
6310
3563
6392
4702
4256
5179
5242
1859
7949
272
9065
1706
3891
2459
3065
2317
2766
6881
4660
279
4802
8838
9395
7001
2476
2261
3451
1518
6108
1648
7421
814
7003
8543
9415
8165
1543
2123
1255
6997
3897
3412
4888
3535
7558
810
3082
8933
1500
5020
652
1559
8698
2552
1046
5605
4852
8964
1502
4795
854
5060
587
6897
249
3861
403
6444
9080
3020
3520
1784
6030
8359
3719
3446
7980
3896
1719
7632
9458
7895
6868
5218
5544
7927
5109
8821
6468
9904
8330
8616
1231
3255
3934
5285
1596
1712
7424
4547
7606
8172
9841
2048
4228
9184
7605
6728
5636
702
5206
3438
2117
9072
6884
2317
8848
3787
8604
9934
6811
3115
8622
3137
7218
5868
6390
4790
3729
5702
1767
9027
6114
7172
8987
2844
4379
7448
9653
7629
5044
5631
1830
5779
1757
3164
1301
2320
6163
1612
7392
2971
4292
3398
3720
6694
7606
6221
6647
3119
1353
8471
2169
6925
4540
8236
6170
7525
2028
9541
3496
9602
446
5102
8057
6722
2905
9315
6794
907
9606
3498
1537
2781
19
5287
386
8885
1575
5513
6768
9366
3920
5895
6103
636
1765
5027
3698
4674
9455
9413
8330
1230
8637
5167
3825
4674
9521
5659
6175
160
6144
3707
9864
462
2647
1189
4352
128
7310
2513
6054
906
2264
3569
2016
6068
1045
2322
4994
2250
9098
4915
2320
7037
8307
9601
1799
1318
8531
1010
6729
1700
6164
666
6356
7818
2486
491
4070
5578
5092
3665
7729
7820
4420
1216
9728
3705
6459
2689
1088
7434
9117
8602
6862
9601
1447
2460
3384
5007
599
6197
2647
4525
1162
128
3772
3816
26
7680
3547
8759
1462
9622
4581
8051
805
380
3261
4227
39
4574
7981
847
7956
223
3092
7
7457
3493
1166
8422
7275
8912
5396
5922
8006
4764
3080
2447
2669
1191
1606
7817
8727
2238
9345
8654
594
4773
8970
7253
6743
6217
8635
120
4925
7757
7584
3607
4371
2378
1690
1195
9326
9344
362
6625
1536
1794
3943
7861
2055
4295
9559
5094
4229
6552
5522
6943
1339
9898
4470
6143
2391
6117
6946
7186
3937
4912
5357
2156
2290
2532
3199
9132
9625
3614
1256
6260
4021
1482
3103
1522
1262
1239
771
4604
4368
8114
9042
4423
360
9563
9170
2959
7264
9882
9634
8844
1368
828
3613
5511
650
6821
7017
7123
4527
7472
7869
7078
4711
1110
6603
990
1843
7873
1299
1036
3173
1579
5835
7706
6305
7062
783
3786
3544
6098
3876
7575
2299
8941
7326
8046
5403
4904
6116
4050
144
1608
901
4865
3924
2058
4942
9058
3394
5765
7938
7861
7968
4207
3219
9960
8078
4141
627
9904
2411
6904
4034
6491
5995
208
320
7423
5229
6801
8702
4472
8863
953
1547
6100
7215
6088
2506
8756
2180
8031
6374
7814
5370
87
5269
40
3713
7439
2749
7258
3517
9415
2977
3231
3007
8932
6551
2751
8650
1025
9064
2956
153
9993
8078
9734
6956
8942
9158
1513
2106
4841
714
9900
4852
8161
1963
9660
1400
6238
2628
219
4055
6844
9255
855
7908
9155
9726
8302
7296
162
8872
5334
1395
4580
8126
5171
1341
7764
8072
7445
6194
6858
9335
5827
4738
9887
6598
8949
9215
45
2558
5736
8172
8587
9600
6177
171
4450
6198
5368
3239
5795
8824
5201
3056
572
4151
3632
9596
658
9282
4150
9631
3095
3278
9555
294
8012
8151
442
1749
985
1097
6869
3934
2876
4516
8347
7765
5705
5152
3778
7052
4420
2159
9435
9418
5460
9064
8854
348
7917
9936
5539
74
7714
2550
5271
8180
5366
6578
2860
2294
1546
9485
5518
9249
1638
1241
1159
4271
9949
9293
540
63
7448
3002
2475
8930
5073
9827
612
5129
2028
541
7147
8326
5278
3253
7895
4349
1672
2242
863
6275
4681
8091
8515
9319
2867
3556
7682
1218
2103
1117
8650
9842
8908
3542
4970
7056
9833
6834
7572
6443
5765
9825
2237
6673
3612
2522
8299
3881
9088
730
7614
4270
7306
7020
8548
2741
5296
2160
2422
2371
6420
5066
9719
8470
3817
3451
6802
8114
1786
8733
7884
9
3093
6764
6126
6468
3245
314
3635
7161
3480
2047
7874
376
8465
4864
9838
1165
9687
6416
7985
64
4067
6498
8320
9186
7057
1542
8698
1342
352
2577
5020
6651
2822
5211
361
3681
3108
1026
9458
6494
54
3990
733
4220
2448
7899
4833
7287
9394
1498
4369
8651
3768
980
4487
6853
7420
2686
766
8351
1410
3560
6464
1610
6039
2721
5595
2366
7453
5686
4496
4818
2613
490
528
7801
374
4197
5359
1975
8699
926
769
6851
5847
9721
3544
9863
3261
7471
307
1478
148
2163
508
4604
2335
7745
689
1019
9494
8552
2174
431
8978
5835
9352
9143
9019
8956
2401
2283
7176
7629
3150
3325
7568
4867
4630
6700
1757
149
6421
5683
2592
9055
585
9156
4241
7540
2915
6758
5741
2218
2234
3068
953
6261
5044
547
3215
6838
9941
3338
4832
5969
9466
8739
6441
8498
7376
2391
5886
1453
3743
8024
5393
1092
8373
8968
5816
9895
4718
5075
2220
9664
2966
2198
3815
7361
1871
766
7863
3207
3356
1027
6188
2744
3217
7910
9259
1680
9999
96
8668
328
4239
192
3108
9628
2095
9129
8284
2536
7188
509
4053
7569
9592
4749
5372
5471
1193
2807
6320
293
887
8853
3498
5634
5513
6268
8634
1436
2480
7287
1278
3227
4637
9289
7095
9576
1688
8797
2154
2556
2523
3314
151
9937
8975
4765
7523
6903
9107
7676
7702
2197
6492
6749
207
3197
4448
1268
4885
5133
8011
9799
5991
983
667
9157
4443
7026
5657
2826
8992
3862
6181
2275
786
9855
390
2264
794
3944
8500
9302
41
1209
4557
2052
9640
7230
6755
819
8744
5864
5640
9976
1302
514
631
3343
8527
2860
548
7491
5397
8609
8347
214
7018
6561
5460
7103
7000
9881
1693
393
5661
7876
2760
9344
2742
5104
6908
2296
3115
2594
5633
1889
7222
8993
1335
3485
5700
7134
6383
9304
8429
4197
6872
2513
261
9360
5743
2791
828
6471
2893
1106
2721
6180
47
4328
2336
2295
2575
3987
4101
5219
114
9669
9889
3077
6787
7032
7497
3173
4016
3098
4892
9439
1399
8660
1026
3925
2411
5636
4218
1044
9614
4701
4689
2204
4652
2531
4716
2618
1645
5370
5600
704
7629
8465
722
3452
5789
5309
8519
9840
4647
1074
5767
3696
3174
8368
3974
8800
9175
9946
7692
464
9188
8388
5016
9962
6942
9771
2257
645
2799
2116
4652
1634
5193
7036
1053
566
7028
8611
5124
400
7120
3162
6624
8787
659
7866
3186
4226
3777
5423
9390
8332
9984
4136
9610
7231
2326
3352
1037
2625
4180
9923
7208
6224
625
4965
6140
1069
3309
8491
7838
8850
5248
5342
4398
3848
8705
873
5698
6467
8912
227
772
7141
3840
1189
8401
2980
4061
7138
8003
8825
2130
644
9348
489
222
3914
2906
7148
5743
2133
8663
1547
1798
3537
6403
6511
3492
773
1509
4002
7856
9279
1515
4935
6274
6489
3555
2769
3292
8133
2479
9165
6948
543
8704
2535
1064
2948
5535
3041
1152
33
85
3697
6960
6448
3993
8037
4798
1257
9949
2839
4704
2783
5852
2401
6408
6214
9424
4602
3056
3909
6993
9975
4658
4308
6342
6443
5041
3861
4031
678
3099
5240
5588
6194
5350
2845
4396
7025
7913
8975
7202
1139
1441
2485
8303
3992
7329
6081
8221
1787
9346
9466
992
8165
7947
7629
228
215
9615
4060
176
4732
3185
4220
8141
5422
1867
6201
6292
7431
6250
8917
9967
2577
2635
3007
8544
8287
2774
2960
2122
8280
3327
1993
1150
9284
5195
4578
1328
7187
6836
5
4700
1079
2794
9217
8634
5125
7806
9379
2442
9065
6425
4390
7386
5722
5102
7370
1286
7299
870
6285
1626
6165
4045
6759
1859
5459
7021
5989
9676
6190
3952
1018
5250
5517
8917
6774
7894
1903
6196
9784
9090
7280
8047
2646
6176
6603
9719
6880
4769
5474
5496
2514
9262
3500
8138
7576
3200
7784
5857
7731
4472
4503
2387
2337
564
540
5195
8862
8096
5368
6041
4799
4889
9316
1098
6496
8933
6321
6579
7062
7341
4918
8302
9429
3025
1541
6600
1554
5737
4109
1279
2366
602
6257
9950
8599
5774
1942
5238
9845
8234
4017
852
6745
9413
7978
2407
4970
6723
7893
5604
2261
1700
8932
7434
9869
1959
5493
6499
1393
5282
4977
7352
6512
2556
8057
1982
8920
8933
5796
7488
3740
7179
875
6358
1252
2849
1065
5509
3854
4025
8496
599
4456
5055
9324
7841
1457
3593
7378
2409
2186
6537
2949
4368
1711
9002
2332
6218
482
7247
2872
6133
6498
3625
6342
3495
8096
9986
3288
986
2228
5347
9944
8374
2828
8771
3146
4493
1653
8978
5958
8074
3495
5013
7115
7153
4030
6251
729
8667
1683
1396
8155
1408
6092
1093
307
9132
827
4657
550
6605
2450
513
5374
9765
9945
1211
9019
5125
1604
5366
2586
928
9672
5871
6729
3620
3891
7206
4362
304
6535
2569
2541
8375
7333
6840
7576
1499
8011
4654
5558
7375
4539
7580
7535
2129
8283
8679
4065
2823
6858
8769
5986
608
9426
2742
7126
4263
316
2056
462
9171
2175
180
3371
1430
9446
8067
9759
5858
3887
7608
8141
7869
1915
1934
1436
5862
2015
7053
9234
6818
400
3497
8454
6354
6068
4088
3508
2929
9635
8293
5118
3755
2419
6563
7143
3101
6456
5468
3554
4711
1446
8048
3051
4513
24
2422
2587
2610
3189
5227
9177
2074
7434
1597
1143
1014
5926
9829
6221
3118
2746
5585
664
7421
4487
2125
6842
3966
3600
5940
3156
872
3015
127
5629
1976
7418
794
8911
2073
3534
7348
944
9964
7533
9975
2561
8918
7417
4031
9549
9765
690
1585
1511
2672
6712
475
130
6794
992
5050
5057
3262
3399
474
7132
5408
6149
4720
9288
4350
2365
1251
5308
8737
7909
1588
4630
9968
7207
7124
346
5510
1309
7765
8528
8076
1094
8238
4263
1561
328
1065
6358
3216
2723
4273
3754
7102
103
4093
8052
5224
6343
8410
90
2697
1181
4548
7357
825
8576
9936
6654
4636
5058
512
2131
1633
7849
1358
697
190
1922
192
3243
8514
1281
7500
5877
3772
4416
6632
9809
5551
5632
6962
5460
9338
876
6420
5193
3842
4875
8558
2841
6762
7325
8998
694
8208
9312
2295
4679
311
524
4428
793
6421
2965
4019
3948
6772
8151
7459
9312
4847
1396
8957
8866
9836
7654
6224
3495
3357
4202
8503
2691
2318
6007
7006
4791
9792
6330
3964
973
4088
7190
5268
4360
9070
6549
8393
4388
5799
6100
8380
682
3151
977
5174
5734
3710
8973
3318
8626
5803
160
5904
9684
5866
1546
3760
2300
9084
5744
1898
380
4599
1261
1736
3907
3816
4987
4403
5272
4120
9851
4029
9484
8714
180
2244
1470
4743
1494
6913
1193
5485
2711
436
7465
8834
741
7273
6106
8098
54
2419
9496
9994
7593
8757
7924
8846
3268
2905
8607
3248
8880
3655
5918
6696
6092
1690
4982
9395
8635
3057
2066
5301
3316
6493
2539
1208
5650
176
1844
9542
2519
4180
1952
9519
916
163
1934
2388
7409
1083
840
7523
7887
3763
7751
7447
8853
9345
3630
8229
4367
7536
2152
5465
5426
3316
6018
9880
6097
7679
3942
1702
1494
6788
7916
4831
8078
3156
3459
6684
4643
6428
5275
4523
3911
7449
7801
5673
5573
3017
9719
1010
1641
2370
32
3662
1506
6147
669
5409
9521
7545
1689
1320
1930
4523
6512
1863
5465
2235
1441
9672
3997
9433
9046
8144
5467
7986
4438
4763
7010
8196
1796
2608
9614
8989
1891
4307
5424
1729
5954
824
2882
3891
5212
9721
763
4093
170
1199
7161
4016
726
5351
4585
6946
9365
167
9474
3223
4272
4213
1746
7727
572
844
8980
5340
7961
5257
8060
5238
9253
4932
4803
5020
893
5732
8138
5880
1059
6511
9821
6515
7749
9062
2823
7242
4527
1811
188
8738
2224
5549
3625
9441
3539
509
5095
5478
5049
9945
309
4242
3661
287
6441
1804
6414
29
5181
1174
2536
3087
2092
5039
7800
3707
1821
7090
1580
7554
9792
3118
1471
6193
5541
9589
7485
1808
9057
6657
2823
7742
1920
8249
1185
5046
6545
5208
9547
734
9770
2818
791
2430
3849
3848
2908
3080
2873
6947
6643
631
6180
4820
7650
5160
1041
3607
7881
3245
8847
7470
7607
4035
5840
8340
2721
9515
9407
5602
1358
4208
2555
8444
9749
6036
4380
1820
460
9075
3103
2894
939
3901
7065
7301
5698
6821
5434
5108
4488
5768
7692
6536
7410
4922
8461
7792
6952
1083
6767
8461
409
8978
3412
4030
983
6368
233
2477
5490
8575
3506
443
2566
4995
3493
8227
1784
4926
5034
1021
5521
212
7397
6259
7743
9876
2541
3641
7971
4662
3730
9556
4534
8522
5439
8668
9194
7908
4957
4455
6015
2718
7700
4253
215
5905
8616
4608
6768
3806
6279
7910
4919
8870
1174
709
6945
9374
3374
536
3239
44
3459
7494
9303
8208
5030
4450
1616
8045
5816
7175
9339
9725
5006
3354
7131
7297
7589
7846
5054
7863
3125
3849
5088
4705
2412
9657
5035
3347
2898
3837
1527
8367
7121
4176
1948
2496
3951
8098
7383
9826
8828
6758
8054
6760
5794
2997
7966
2233
6005
7439
7363
5616
9570
7187
5037
1656
1211
3439
590
1942
6601
1703
9884
6504
3505
810
7091
3987
2138
6554
5013
8449
9026
3241
8429
4389
570
370
1160
6887
6861
5448
7419
8323
8336
4828
2645
8493
1194
216
5866
436
9033
6491
2022
66
1476
3746
2625
1982
7778
2403
4755
5162
3164
9245
1071
9847
7825
113
6108
9920
569
6905
9010
2952
2613
3721
1490
4711
2740
4603
236
9600
8905
3551
2002
9311
8368
698
8762
6800
1456
4594
4141
6615
3316
1293
5675
7827
7487
9675
4318
3573
1862
1663
1921
3214
6355
9935
1128
1051
5280
9879
4877
3606
1281
293
449
4338
2952
1168
2806
2078
9322
2237
483
8703
8919
544
5009
2275
1627
6399
4679
5720
7594
3636
1361
1109
7326
1919
2531
7890
8730
3602
1104
3003
9253
9055
8082
1670
7707
8418
5649
6551
4248
1723
9254
2102
2688
1720
7927
2519
2864
416
5393
3728
7960
9710
197
5969
9108
6846
1313
117
9198
9517
1559
1264
1477
3381
3220
4069
8000
4439
7591
2864
1325
1657
4602
4667
3209
6817
7844
269
2376
4970
5399
6100
2904
7761
9995
5779
8306
3073
7201
9251
1294
2982
7542
4802
7350
1003
7555
1099
682
9216
2804
8294
9824
9452
4476
5814
4681
6611
325
519
25
5570
2336
6585
8067
8400
2464
5808
1254
84
7146
9203
8223
2437
8050
7037
3251
3917
1767
8879
2227
3118
5818
7957
8679
1695
5419
2271
3956
5434
2820
5429
9055
1181
6268
4224
1406
9919
3259
8814
6503
7480
3421
4848
6621
2039
1915
4381
3326
5648
1089
8722
9172
2471
2930
9528
5594
9662
3611
8439
6092
7057
5720
8479
5674
2121
1330
9452
5130
4444
7832
3710
8945
1852
8949
175
3655
5856
7484
2612
9365
710
516
4487
500
1392
516
5798
2981
8633
341
1779
7406
2049
688
163
4025
8141
3621
3125
2119
6056
9260
9739
2625
7773
7885
2424
1544
629
5016
1217
9457
9816
8890
3099
3195
5730
2854
9582
8283
4920
5503
5698
7825
8785
8869
845
23
2552
6092
1390
2344
2122
6605
3555
9943
2835
3170
5526
4102
6852
2946
5519
4730
2344
4612
2252
5638
7196
5763
9899
4387
9482
4763
9593
8794
8725
8764
6472
5230
5699
7622
4146
5585
7376
4292
9662
9859
9498
7141
35
2434
1682
9017
6865
4740
217
4191
1190
1024
9689
4247
8247
9774
9841
5283
6469
5937
2448
5134
7086
3347
5551
9814
8727
9456
6243
5838
9036
4581
3227
4270
6398
9427
1971
3773
9722
9788
480
4140
3995
4923
1021
6914
9222
7709
2665
1367
1015
9365
4561
5035
9843
4365
9965
2095
9175
6003
5997
7994
403
3730
264
2469
9971
4209
9735
7010
9545
6703
8711
6068
7230
8153
2470
7571
697
1557
9290
5768
8308
8064
8799
1231
6050
3379
8863
39
3680
4341
3260
7233
2163
5031
8876
6701
3409
3926
2315
7205
4230
7482
4224
7214
8904
9892
8536
8195
2862
8713
7505
5564
6652
6745
6351
1127
1152
7954
1604
7634
9578
4162
4930
8033
7778
4572
9110
6002
1929
8379
7103
4655
4369
2067
9063
5109
5355
892
4730
450
7421
7893
356
4844
6650
2574
7724
5008
4044
2575
3717
858
830
866
5824
2634
8434
5432
7595
8325
7410
2228
208
779
3285
9853
9430
3208
9299
1547
1819
3867
2015
6833
9046
6656
7813
1640
6953
4122
5754
5640
6878
9919
9488
9949
4900
8540
1334
5086
5031
9928
2027
8320
1428
7233
3510
8886
3005
677
905
4790
9537
4518
8197
1309
855
9719
4997
4497
9726
3976
374
629
1843
9459
1629
5946
8829
2947
5471
4944
5777
8347
1478
5315
4867
6358
89
2520
6505
1388
6105
1405
2574
8751
6290
9198
2942
7642
4778
7742
7023
980
9262
5146
851
9571
6493
5480
4250
8944
274
3235
1129
9623
4001
2733
1773
8311
8191
7658
1047
194
3993
6800
3711
6607
3512
3753
2095
7140
4870
418
1413
8868
2825
5881
9510
6859
2151
4539
1255
8027
6737
712
9755
1529
9204
7786
9582
9325
7576
298
9607
4008
3841
7453
9791
9342
9913
5722
2253
3906
978
533
5496
1810
6831
7301
7536
9532
8197
8327
9482
1756
6034
5105
7558
6696
2996
8831
6955
6274
1431
6475
9053
7608
3739
2888
638
5985
8867
4867
8727
8459
2918
3919
7800
2492
9562
3855
6150
9488
4667
1997
7695
1789
7199
1062
4115
3331
4728
5692
9356
1781
1731
1566
815
4988
1499
9899
7781
5525
1873
852
1310
8687
4394
6356
4308
8690
6327
201
158
8877
1415
4093
698
9060
6948
3130
9196
8416
1134
4820
8227
5788
8334
681
9493
2442
2747
5982
2455
8736
6372
110
3205
2387
8906
3574
6243
7245
7054
5006
1684
6008
3197
9151
4036
4170
3141
1042
3599
5848
5741
1452
2962
1790
1168
3600
3348
3070
204
8967
9538
68
1644
2299
6242
5928
6824
4206
7246
2111
7704
7849
1318
1625
975
7613
3609
7384
2333
4131
8292
1169
9378
5708
8263
4619
5119
9217
1608
5448
1142
4465
3993
4124
1307
8758
8260
6132
7430
8289
7524
9540
6789
6539
8009
9885
5054
2927
7722
4110
6384
1269
9007
5010
9781
908
9780
8704
2323
7996
4116
4844
8244
763
4851
8259
929
4519
4738
4933
6041
5201
8950
5374
1778
9563
9618
955
1241
1610
3410
7868
6107
3165
6995
6127
4551
1863
7206
5470
917
9202
8401
3204
968
5693
2776
3586
1295
9133
8972
9678
2330
9972
2257
6050
3992
4923
5767
9876
7852
6606
7
1318
2621
8273
4225
2004
7938
5105
8296
3157
1364
7677
4106
7022
7652
5756
4717
9313
608
2050
2702
4069
70
133
1544
4021
5905
1808
1005
4055
1460
6864
203
6664
4957
1979
9639
3904
4643
95
6049
1619
4083
922
1022
3753
8711
6041
9701
8044
9639
9521
6955
6970
7191
3063
5358
970
4840
9895
5706
6283
8393
2714
3843
8529
5840
3041
4247
7351
709
5785
9833
5654
6001
7608
8511
321
7305
6242
2449
7942
7528
8006
2317
120
1485
1233
8208
3897
9136
3466
7088
3809
2234
9809
1588
7677
3557
1248
9517
3079
2597
4932
6764
6527
7463
8981
4254
1493
8546
3053
7022
360
3114
8178
7364
8466
8808
8536
3438
950
1519
3890
8748
8527
3062
7420
8
4076
3869
6133
1040
7359
2351
3765
394
6604
8563
8249
3562
3897
589
3787
6480
66
7968
8052
7572
7019
5274
5442
3122
9789
5442
2041
7842
5595
1838
145
5630
1154
296
4913
3270
9228
9302
2529
1631
5367
5481
5348
9323
4980
6776
3261
5045
2726
1365
4207
8430
9335
4787
380
6016
7512
5027
3849
4230
5420
2069
8731
5373
9730
1793
1446
6896
5413
9329
8752
5654
1621
3900
7206
2607
3450
1758
2544
162
6885
5505
269
2202
6414
2183
8019
4829
7853
1547
4905
7270
4424
7211
2518
5749
7961
8801
4804
9628
3242
2084
3637
6166
6730
5056
6835
1222
5301
2137
5953
3267
6577
8122
1114
2515
2984
1032
359
8967
1229
6564
2270
7908
1123
1657
1773
5033
9986
2270
388
7721
9094
1088
975
3739
8642
770
2446
206
1413
2281
6729
3985
8998
7197
1157
8262
957
3438
2523
8346
8580
6764
8047
9545
357
9477
7643
6458
8484
7663
2979
1594
5740
8003
8655
815
7290
3916
9458
2664
4820
8553
8766
6215
3479
2275
9792
4497
245
2280
7471
7671
3277
7642
21
705
1463
8867
5364
3173
62
5909
2427
3780
6429
4183
7633
1838
297
7937
1918
6974
7596
5308
9401
3107
6901
9526
67
2170
3768
6548
8926
642
8331
4029
8290
3453
5748
7126
5538
8132
7207
486
5345
2509
4040
9301
4748
785
7610
3891
1002
5387
3498
2421
4078
3079
548
9796
1912
6
3875
7947
4074
4325
2605
986
5433
1085
3051
1443
4018
119
487
6615
6056
9877
3985
6171
779
614
7932
8718
2864
5413
6436
7574
5622
9220
2152
9136
252
7814
3753
670
3227
8700
2208
1164
7451
3710
1244
905
3455
4906
5103
613
7461
3359
8106
6449
7870
2879
9535
326
2457
1358
6046
8183
7161
8348
3710
2165
2800
8567
3735
7102
8337
359
5661
7550
5860
7588
4583
4771
9312
3427
7854
6962
2551
8668
9467
5666
6439
114
1075
6022
3776
2798
8117
222
1061
9762
2677
3547
3090
9046
7473
8816
4681
8661
4447
9102
1023
6705
7766
9282
899
6678
4970
6634
9910
2987
3064
6730
180
8542
9371
6635
8694
2934
5375
1476
218
3597
5268
6211
8843
5164
3601
5102
5390
3580
6465
942
6975
9577
6409
4721
6918
3498
2277
3862
1958
3625
1248
1039
2770
6778
8346
9911
8973
5817
5002
3281
4150
2034
5454
4338
6382
4248
2936
6504
9896
1882
1994
2666
5957
4195
3033
1375
6277
8591
981
5159
8705
9527
9821
4126
6172
5572
9272
4484
5619
9250
8015
6754
9634
3762
3822
336
8455
2911
9695
2885
2840
1691
2412
1285
7346
2740
1711
968
5699
8252
1004
471
2860
7494
3509
8664
6153
7652
3634
2310
3491
5818
4169
5653
4255
3746
6735
8151
3277
9243
3846
3407
102
7067
963
5496
8763
1057
4218
8289
1575
3696
202
4767
1784
326
155
8692
7893
2300
6092
7116
6654
1632
9502
6949
995
5694
994
538
2569
1407
6627
5942
104
6054
1270
8070
2263
9288
9422
2208
2251
1094
9227
1359
5647
1491
8701
3207
8216
4420
7816
7481
8058
1794
5500
1683
7975
1452
3984
2091
5765
7769
9237
9166
3660
597
580
7122
1325
7002
1873
6991
1319
4897
6967
2760
4776
4971
5692
6655
7851
3922
8518
5097
3344
4750
495
1931
4085
5891
1172
6082
6819
7703
5657
9127
8029
7937
6994
4339
7623
3280
9554
7925
753
4040
8375
4668
5746
277
2166
7444
910
1964
8851
7385
6535
2492
5817
9882
183
616
4390
3992
8373
9495
7223
9104
3215
7150
3815
9090
8186
2352
3368
1650
5247
9091
3244
7535
2411
9452
4648
2408
8325
9453
5498
654
2474
8570
2178
2991
3579
2499
9555
978
2995
9586
4695
6130
731
7674
4250
9937
6543
1677
5640
5661
3320
4438
414
9469
1870
3821
717
1117
4802
9495
6093
4189
9911
1863
7283
7942
9037
9771
2812
5140
2341
2215
6585
8831
5638
6659
1923
6397
1705
2255
9208
9513
8819
4682
7023
9945
5392
2505
6985
2346
4947
5299
4397
8411
946
205
1043
246
803
711
622
6409
8307
1211
2150
5573
4095
4700
489
1183
7425
9161
8165
458
7382
9000
2599
7713
3018
2873
977
8952
8775
8789
4272
1139
7529
5740
4480
4271
8783
4842
2511
8065
6725
803
2998
8035
4634
434
2487
1389
9103
6520
897
4232
6331
8910
4314
9843
3763
1793
5685
5124
5785
9630
4597
3853
3317
530
3983
7431
3373
9853
9408
5143
3805
7044
8807
7665
3100
8103
5497
5897
1639
3955
8666
7171
5214
5528
6841
2827
2548
7527
4940
3256
1400
2354
5254
4574
2428
5521
121
6052
7276
5612
1800
158
4309
214
600
3305
7405
9662
6031
1884
2411
8962
2702
1580
5995
3091
8508
6744
550
7639
8494
3078
4923
2852
5795
4278
6038
4362
5092
8466
6705
6361
1845
8220
8447
5704
8655
6815
5930
6402
6680
6655
1905
9232
3350
558
5610
5664
9703
5670
9490
6457
7145
9527
8337
4392
4754
5145
9441
1351
4112
8440
1840
3062
7011
2478
8839
1434
2474
3931
2101
706
4018
4085
8700
7345
3944
9386
470
9776
3186
4412
9263
1657
2568
557
2181
7725
7109
3963
185
9968
1628
6819
5567
5773
6413
6712
8857
4457
4298
5534
52
482
5847
8096
7984
2618
3083
9176
8593
5350
5113
846
8536
4931
3120
887
6982
7274
4901
6112
593
4905
6055
2397
5163
528
9812
4967
2812
4216
7729
6270
4880
7156
8196
6685
4275
9456
6313
9834
3896
9865
7936
426
5465
6685
1387
2442
7388
6073
1565
8093
2801
5283
2212
3521
7541
8541
7341
3388
587
3933
9479
6745
9210
9989
9039
5490
9112
4369
2368
9586
5267
7493
9161
9391
5823
4089
9375
46
8432
7782
3190
1954
4620
7422
5607
905
3166
2396
3129
3286
1960
9609
2985
9659
6822
5813
9034
2518
8583
523
8474
3242
2661
3888
6439
9662
7021
3821
1178
4971
9169
9206
6343
8835
3552
7414
3155
8864
4154
1228
1095
7790
8135
3659
4570
9563
7079
1880
637
5514
3142
3909
1950
7698
8372
1848
5483
8182
7954
1010
6117
4100
1636
533
8413
7963
2982
9844
1141
5380
4668
332
6155
2928
8024
9075
4471
2890
5017
1064
7343
8353
5110
2751
6850
6226
3032
9544
4762
900
7930
7836
6999
4836
8554
7365
146
7009
9822
4103
7738
6130
4898
96
9906
4630
5146
8513
3975
2442
3988
7285
5263
3452
6262
9683
1286
2832
8802
6454
4318
9747
641
3877
5572
4108
3278
8744
769
9058
4787
5046
8807
1336
2746
8060
3696
6821
4201
5023
122
3139
7181
5276
6358
350
6600
8647
6145
2037
8890
4328
1975
5732
3102
3728
7298
4006
8930
2887
823
2512
6568
6212
7760
7484
2250
2276
2419
3330
7572
6434
6222
7597
8465
6680
9362
1533
4925
3476
387
9141
5921
4443
1362
3563
1553
4330
5805
7149
6379
1414
8863
5218
9202
2796
541
156
397
4190
9438
7404
6729
8014
6048
6547
6542
7978
2679
2703
7953
1285
8494
5875
1001
7185
1421
8099
9107
7539
7628
9665
9291
8479
2275
7519
8710
7795
8429
4188
9148
7637
7316
4795
7046
5895
7035
6587
2030
2273
4362
8349
4134
1180
3079
5609
9939
1858
8708
3750
2576
8280
8655
4927
5950
7995
8773
4702
8881
9127
5276
8583
9029
9746
9206
1975
8831
8802
6702
8114
2187
7249
5339
5187
1553
5474
2684
5586
7902
7570
7835
9089
4604
7467
3760
5219
1854
7350
4194
1725
5371
9841
4225
9688
2380
5684
9998
6930
2335
5081
8350
8794
2812
2146
877
4755
6659
527
9754
3810
8740
4037
7920
8114
1323
7580
1194
7392
8197
6060
112
2896
8539
2700
6161
1079
144
4971
312
1989
1511
8824
2598
7624
2775
8587
3723
545
5238
9337
3289
6316
960
8484
9499
4807
9205
9955
4680
934
6808
9566
5816
9287
4901
8446
9757
9667
7980
395
6860
6903
8245
7020
533
5408
70
3265
7727
9674
8873
3717
7191
8062
3286
7651
7378
9221
2769
5971
5995
9702
141
1595
5207
4103
5498
3367
1361
2291
1852
8586
3378
983
7721
1876
1118
8380
8468
4239
4602
5787
5130
3186
5259
1392
5341
2205
5125
6521
5721
1566
17
1764
4451
9974
210
4385
623
5597
8825
6626
2048
4255
4208
648
8507
1174
2912
4105
2006
5381
5035
8339
9932
4092
8962
5448
6752
394
1472
8318
730
9499
5069
7394
4011
5864
7833
641
2607
7742
5677
9046
1832
3005
8009
2732
4544
1910
4300
349
9789
5788
351
6250
7660
9903
7831
2207
175
2485
6126
8929
5858
4486
8015
4988
8238
6497
5779
8591
3751
9072
3548
9429
9525
2729
3194
7489
1677
2956
9913
2981
2868
8922
2775
8735
2270
1832
2677
6192
4904
3716
1206
6147
3440
2100
2428
5366
6340
3245
5702
9099
3338
8876
674
3431
4646
6474
3802
1677
3540
9467
9319
3774
7718
8022
1724
8873
7476
2392
3863
2825
3201
7310
4584
2319
5079
112
1362
115
567
6792
7159
2078
5756
5497
1475
2414
9904
50
2873
3362
4749
6123
9347
8700
2025
8029
3484
4504
6193
2685
5264
4554
5005
1645
2223
4543
4587
7561
8182
6091
9281
2102
9642
3084
3592
6618
4856
7126
6813
9729
6204
9916
9762
689
240
9834
4011
1860
2161
2939
5171
48
221
1641
1044
7287
3803
4978
5210
3773
7542
7553
2856
3925
3292
3172
6488
3312
2639
2962
3952
5536
996
5236
5585
7705
7837
9841
3670
2831
2834
4605
5536
5402
6160
4205
6957
3142
8658
1335
6902
8596
5732
7615
5273
7640
6300
2947
4294
8874
3981
9090
7961
6056
8087
8071
1169
3000
8070
9787
3333
6612
5987
9707
959
1580
4037
2520
4379
6480
3317
6491
9696
5973
6153
3833
8738
7005
32
4996
7428
5299
5890
9275
6114
3315
371
4258
5910
4011
7880
6029
5832
1021
1465
8750
6245
7733
6201
8747
9939
2556
6481
7193
4494
2732
7805
6814
4435
8918
7080
9903
4212
8051
6935
7698
8581
4855
1128
4353
5288
9825
3974
6343
410
1345
6042
7512
5485
1789
7575
1593
9476
7883
6374
3748
8312
8211
1079
6697
8504
7994
4692
5324
7731
7535
9210
7650
7185
7047
7526
359
9258
3777
5566
62
6867
2511
7234
5623
8280
2428
7704
18
8579
6415
331
2699
2802
4820
5286
7492
5531
1493
55
2259
5095
8746
4034
7456
965
5408
3596
1858
2862
8611
460
6508
4588
9307
2617
6418
5907
1806
1860
2224
3132
8993
3022
4997
2672
3156
494
9491
7919
1645
3613
8250
1722
5857
7878
2105
8380
7819
1380
4985
6116
7004
8012
408
7372
9108
182
6590
5743
6842
3515
5461
4470
2893
5450
1679
5403
3272
1650
1623
689
3887
1164
3968
2958
1057
7359
7658
1216
7470
9185
7805
9832
8544
8106
5850
1569
4962
3440
9380
5740
5710
276
7636
981
8195
2523
4159
6155
104
5400
3052
2360
142
5399
4457
5329
9691
9691
828
1388
3056
9943
6993
722
2438
6379
6473
6174
199
3014
8234
9069
4446
4027
2779
8159
7715
1057
9055
9040
3317
3083
3648
5182
5633
3043
9033
4000
9610
1333
1664
7262
2889
4278
6846
1613
2148
9678
5032
2658
837
143
6417
6910
4001
425
2099
781
327
3626
1191
681
3750
2797
1816
3300
6523
1744
4665
1789
3073
2395
615
4768
9971
5504
8112
7894
3789
3068
9910
5254
6395
1136
6570
7466
3712
8309
8032
3627
9603
3273
5679
1362
6114
6570
643
5609
4024
1870
2060
3437
7264
4563
1705
7868
4651
2572
2728
894
6868
707
3160
3178
6685
7427
8766
2177
2532
6117
9958
7668
9532
7453
675
6918
8590
9165
6183
1530
2711
3309
935
8761
2698
4550
290
7848
3837
3555
2605
5726
2425
4577
8629
6390
8546
3907
2491
2939
1426
5065
9878
6499
9119
1516
6445
2119
16
4237
5859
4657
1982
5747
3158
152
2246
6863
3307
3828
8391
3985
552
1736
906
5543
1659
8689
4612
7447
6710
8049
2275
1096
2797
5156
3273
6658
7195
1738
8831
3671
2096
6317
3634
4868
1167
6297
3406
7522
9909
1051
7795
6252
8972
121
3235
7130
7395
6500
2600
8368
4237
2796
2187
7640
6073
4213
7700
317
4334
3234
4417
1596
8522
8756
3453
7849
6621
5576
6001
4216
1416
60
2672
9356
3012
4987
9940
9750
8371
2835
713
4840
5154
6894
7473
9900
8383
1891
4954
4951
6911
3560
1290
2624
3260
7872
6929
948
2822
9268
9545
1803
7165
400
4940
5884
107
8242
59
6307
1507
35
3649
8445
2305
3066
6762
2252
2450
1323
8322
9706
9069
8534
7875
1255
4252
7106
5389
9662
6763
4571
4569
9068
8788
6530
6638
8685
2550
8831
5681
8006
581
7627
8945
7582
170
7188
7340
3637
9968
5428
3043
913
5104
1927
7316
3102
3692
5435
2012
3950
8222
1226
4670
6446
20
7163
4371
4393
7928
317
8591
2723
2174
7211
4436
323
4522
5748
2817
467
8517
565
1661
1621
8188
8054
1445
5368
6931
7881
1673
8846
5177
1703
4326
6656
2793
2494
5702
6822
2914
6841
2604
5267
8090
3964
2784
1162
3953
2283
4357
7989
4312
7359
9174
7350
5576
7608
1052
6585
3598
9123
5821
7031
5581
4348
5691
7801
4883
5583
5559
3846
4645
6215
5135
9846
6608
9754
6553
1437
2891
3591
2571
9233
5027
6835
7507
7358
976
6553
9105
6304
1402
5437
7728
9052
6011
4614
3627
2435
8444
8661
2900
4340
8288
3910
1612
6998
1803
8268
7021
4360
7727
9108
2160
9124
3793
9948
2827
3886
7519
7418
4358
5488
7295
8181
2194
6011
7249
3733
7145
477
2982
4833
4576
3886
3463
9162
2904
9494
314
6856
2810
2849
7792
4040
6649
5795
1716
4492
4800
8695
5391
9005
4358
1064
4102
633
7413
319
6096
1705
5813
3420
7015
6204
2290
5011
1354
1952
8141
6375
6285
2659
4728
4582
4723
8439
8592
9486
9489
3851
8601
4367
8251
8961
7039
1274
2698
2161
7872
7619
4292
5335
5321
9179
3556
4774
638
9124
6706
1046
1275
7248
9384
1357
6955
8750
944
7323
8013
6459
9807
1299
4721
2516
2268
251
1204
2623
7725
3465
2852
3843
6986
8858
2635
5927
664
2305
9132
5058
2091
6003
2089
5367
2322
8250
9078
6353
4018
7190
4422
2733
2761
5842
2363
1329
5117
7215
6486
1548
2680
4711
5016
2892
6833
4702
5923
2874
6310
3065
5608
6846
3042
7180
3007
366
8756
4259
7527
8337
9003
8020
9109
9046
1692
4832
3800
2020
8964
7645
1083
6376
5741
6580
470
1720
2788
5965
7392
6144
2109
4464
4464
3177
5776
997
3478
402
947
8929
2430
7433
8774
4338
5365
7188
4418
5751
9138
6937
7247
7950
6658
1043
1312
2140
9965
8774
120
3840
9769
7933
1654
3615
9949
9910
3182
4264
58
9449
6761
5801
1312
5861
5043
8521
2840
1485
3052
9700
1366
9025
2911
7982
5501
3905
2629
8533
9506
2156
4409
356
9221
851
3838
9914
7181
8769
4166
1295
5427
4412
3370
3876
4619
7512
7708
5289
8490
9126
7978
2462
6962
3119
996
5592
2881
8994
873
6158
2008
9385
1620
1185
8054
8193
7060
1578
9061
7996
1834
8134
8818
9548
9454
3899
815
2172
9518
2941
7369
6956
4764
1685
2048
5455
3570
4128
6074
36
9175
3149
4973
7322
350
6488
550
3741
221
6694
1409
2770
1454
3665
7103
8959
2472
7819
7702
5655
5375
7986
6710
7116
9894
4774
1181
6920
7959
8560
415
7662
2840
9549
6115
8198
3545
9983
8167
3054
6837
4849
275
2547
9126
1180
4035
8753
9633
8254
3950
1200
5133
3876
846
3716
1115
3559
9733
8027
1961
3845
7576
1132
3418
4204
9946
1191
1127
6088
8113
7882
9195
879
7717
5342
9787
4703
3983
5348
7539
3449
3099
5820
6866
4816
7073
1324
7514
1725
1090
9818
6823
4396
1827
4211
1397
6259
831
1383
3959
8507
2053
565
3778
7741
2442
2604
215
261
9456
2821
5296
4664
7745
5813
1704
733
6536
7690
1619
3984
6019
2696
2241
5265
7226
5062
3846
7086
6835
3135
4768
50
5086
6665
2514
8500
5468
9617
9621
5890
8704
6621
4721
710
7041
2011
2088
5297
1201
2191
7503
1727
5745
5820
4846
6114
1977
5667
6160
818
5806
4457
3328
7854
618
8871
9027
2998
4142
9072
6352
2010
6821
5317
4306
4118
5132
8887
4881
7917
4199
9233
9177
4704
6664
7492
9884
2654
9941
6156
3494
2938
7252
8211
9740
8345
4501
3568
1403
3416
4056
5690
5955
8565
3399
2152
4651
9253
3593
5144
3354
2400
1753
4801
8136
6048
6098
4722
6105
5443
8099
4929
276
6598
6953
5702
8956
9993
8807
6689
792
8200
5850
8060
6726
4744
1912
3933
7162
7696
806
4276
3850
5315
3920
9064
7034
2788
3690
9473
9357
162
1826
1111
215
6869
3849
4716
2227
9671
4132
6982
5294
1274
4445
4377
23
2793
880
2458
540
1174
1424
7139
1690
6830
1279
833
4929
2780
1763
3014
6647
9368
8558
319
462
940
5592
3940
6121
9373
1362
3677
3622
3776
900
5556
893
5091
1952
4381
4172
9504
4106
6797
9666
7458
5427
5535
7022
2396
4525
6907
4773
6956
3226
8116
7918
6993
7599
5140
849
6023
3566
4953
166
1565
9520
5784
1000
4420
396
1455
5562
3324
9894
6241
6307
3474
9636
1618
9773
443
1996
670
4430
9367
3034
5699
7826
8552
323
5095
6175
5623
8639
711
10000
7228
2370
3513
6701
5846
6807
2777
1203
4055
2494
4452
195
6199
7589
908
409
3517
6368
6822
4579
8429
1101
5352
7399
9301
2221
6887
6603
8238
5339
2644
5362
738
6263
8824
845
5087
1960
1200
8490
6144
8346
8384
2539
7939
7943
844
8639
5259
9319
8844
9452
1223
8028
4403
7899
6265
9724
1482
3548
7449
6093
4769
270
8445
5449
5047
7904
6383
7242
9612
107
365
7828
5990
2187
9947
944
2683
471
8502
8030
1460
6935
747
567
5324
7373
497
2539
2694
8955
80
3199
5413
2985
9816
1926
3367
8686
2575
2302
1187
113
971
9601
6559
8231
6357
88
1054
4982
9549
5032
1674
7946
9135
1148
5385
2367
2127
3543
1882
1183
9965
2444
4786
8035
3414
1950
3863
943
9995
2774
712
7548
5827
7711
4955
6931
2528
1776
2649
9911
4097
7956
1336
3071
347
4589
6607
1
2535
316
9348
8507
892
1381
6959
5664
793
1449
605
1507
5556
2046
2302
5489
3821
9603
6029
6698
7244
928
2095
8853
8650
3344
5541
4569
3604
2580
2865
4679
8343
431
7267
2654
3412
4558
1605
7298
1264
1212
6775
4493
6052
5745
4237
8248
7550
9667
3307
4098
2888
9646
8746
3208
1739
6929
8731
1398
4476
2115
7658
9196
8127
2878
7456
2044
3166
9174
932
6884
8840
9993
5120
6997
2839
8110
5931
1504
4669
3600
193
4895
2930
6101
966
4343
6904
2726
3958
8566
6315
770
1242
3227
5843
3107
8375
8443
7499
6276
8119
6401
3094
7986
4234
5969
4866
3372
8569
3623
7548
4917
1001
5171
7538
3343
8178
9827
7230
6317
8231
5328
6484
7378
8718
7317
2747
209
3029
6667
2340
720
7100
2726
1649
8932
6853
9448
9623
7717
5171
7121
5188
1792
5909
54
48
6271
4488
9482
470
1464
3951
6928
8590
3960
9368
495
3794
5084
5177
8761
2467
2569
8588
8098
4108
1724
7295
1672
9056
8349
1710
2447
3125
2392
8029
257
7135
2570
8284
96
7290
9459
2399
1817
9856
8460
1296
8425
1022
6365
3395
7190
8261
3318
6206
583
456
6777
5250
1035
8378
2992
7788
6269
4276
4982
9436
1623
9948
2726
1273
3825
9795
7678
9756
100
1793
1392
9801
132
3035
5983
4158
4050
5867
7785
8651
3082
1644
3829
8103
1188
828
279
7190
1507
8389
2410
6320
9056
1602
3155
6617
4230
9769
4785
57
5711
6499
6859
9759
5550
9233
3483
9495
7643
8642
7159
6387
6749
9486
5280
7809
8121
2832
1062
1939
7403
3965
9411
6096
1409
8548
8173
5105
8861
8474
7793
5019
354
784
9444
3973
3590
4337
7315
7257
5456
1070
1964
7216
755
3907
8740
8398
6577
4626
2828
4019
9794
6208
7860
8874
778
668
357
1591
2411
2591
5403
4054
4573
1644
3522
5771
2329
2372
3858
9385
404
565
203
5158
8494
8323
9509
1281
164
7625
8844
7892
5466
7587
3426
8791
9524
8576
5627
2119
8084
6475
474
2869
3911
358
9265
6329
333
5115
862
2255
4136
7976
9560
4655
2919
5873
7123
6049
2698
2130
3953
9955
6135
8490
4260
7975
6708
9188
8135
29
6550
7472
1620
8181
9357
8579
4118
6139
5452
718
1714
3985
3399
9214
4287
3705
8873
3236
9120
4668
1417
2881
6812
9695
3283
836
4689
1149
3403
7531
19
4760
6561
1339
5709
8861
6163
660
779
962
9672
4891
8683
7727
2826
2257
7698
2116
6617
9363
5359
6269
198
7102
4865
7579
6323
3291
9813
8237
7272
2772
1178
9020
9448
1803
3697
5184
7293
335
6058
6068
5830
389
8911
2707
2762
8477
1213
3634
3935
4824
2017
28
1575
6130
4512
4457
721
1875
1719
5605
9712
1258
9821
1467
7660
3424
4155
2995
9621
9157
256
5315
168
5139
2091
7735
2925
5061
7987
5949
4011
195
5831
609
5415
7561
3463
2967
1641
8488
2513
231
1201
528
8982
4777
9080
9048
3322
1853
5528
5905
1881
7873
5779
9071
3747
4463
6038
3114
4245
9978
9822
8497
2370
1799
6993
9385
6963
328
8819
7385
2716
8711
9787
7171
4532
5332
4850
9631
7492
5553
4993
3167
1631
7234
4361
4958
3740
9386
9424
7647
8826
7460
257
3915
6376
1493
7820
6515
295
820
6556
5249
17
2392
1981
4714
1335
5597
7187
6397
9251
3038
3477
8138
9703
1512
6723
4568
1234
3572
5624
8145
3196
3384
8155
4557
9851
801
8054
5710
1329
7995
7057
7402
3720
1899
8147
9846
3100
3782
6267
7771
6888
7681
9954
5878
8530
5611
8986
5820
1748
9307
1468
755
7995
1378
792
6383
2461
1089
8597
5418
5078
5669
6546
225
651
7897
9540
3539
872
7976
5453
5379
1380
1319
5715
9744
9850
4257
3423
389
9654
8169
6078
9578
7287
9369
6510
5853
2463
1787
6590
4539
2478
6890
6507
6604
3641
4809
6570
4067
9161
7109
1393
4763
1308
4008
1690
1083
9024
6184
2932
8307
3645
6164
8347
5160
2436
6360
8815
6017
6485
9329
3405
6785
9704
1255
9838
656
9984
9464
5424
8142
3270
7569
193
9738
7977
5229
4486
1088
1623
2148
3037
8194
9964
8122
6406
6747
9771
5139
8811
1870
6842
2267
2281
1314
4806
8678
6663
5752
6642
1941
953
4171
8623
2555
2372
2225
2293
705
4292
7839
3280
6548
3017
2415
539
6052
7246
3068
2910
7643
8923
3040
3549
7862
4490
2479
8602
6304
8424
6464
1483
8558
6214
6116
6308
6885
2571
7159
8321
117
2676
8091
2513
3444
5681
7589
4427
9968
743
6132
45
2958
881
3342
6618
2963
9517
9435
6889
8275
5060
4697
4738
9636
3496
3160
3070
2389
4080
9664
2315
6056
7312
3502
7354
4112
6080
3047
6677
4233
6214
7484
1197
3165
2004
6378
7002
9970
3106
6313
9127
3874
3830
8861
3721
7287
3794
4597
5212
1665
512
6127
892
2472
2055
5616
4110
2929
1524
7352
3751
7962
614
9282
5506
2870
4391
2236
4165
3074
9733
4603
1725
8146
1812
8043
8407
8942
8641
3109
740
1523
8149
2664
6833
7810
9819
2911
7444
8490
3571
8077
9585
138
3112
7972
3553
2712
2531
6060
4067
8352
1351
1972
2580
8108
6408
9975
8670
1723
4944
5381
3536
513
3731
7060
7310
3546
2988
4641
2444
9859
8161
8068
1702
193
4942
8539
9471
5886
6462
2060
9821
5944
740
5432
501
3126
7093
7236
4185
3741
1002
5334
6446
4600
5750
6570
815
5196
5603
8415
2689
8629
7717
1419
9450
2237
7653
2642
5430
4295
3289
2331
6976
1738
8819
4598
3936
7101
9231
5292
8044
2859
1038
6716
2414
3195
6668
6959
9396
3196
2178
3461
271
1866
2412
7056
5361
4408
1238
4827
3040
4519
9786
7547
1820
1305
4569
8930
1063
6274
7729
1766
344
3920
5189
4185
2233
4214
947
7012
7254
3743
7250
8937
4765
8956
9046
2034
3986
2553
3559
6793
6634
4986
3043
1397
5889
6587
5661
7045
4078
9666
4611
1451
6867
1848
6387
6530
5276
7498
2128
2917
8740
8088
7017
5662
5347
4291
7201
4027
9325
9620
4706
6294
1688
8214
4954
6325
7367
7050
7722
3533
3559
9126
6492
6858
3764
2450
4816
9896
480
1574
7646
6505
5288
1929
5370
6963
9768
391
523
779
9714
9601
6368
6986
488
9990
5593
7270
3165
9442
51
236
7031
6479
567
8787
148
822
5568
5653
2089
8744
389
3158
2939
269
9783
5033
2827
7647
885
1809
1394
4241
6799
3360
4744
3474
6192
3925
1663
9563
6542
317
8648
1104
5469
4972
1357
5813
7947
7094
4294
9947
8369
3382
967
405
1235
558
1279
4302
1508
8634
7113
2958
1353
3297
4136
4307
8868
4595
5864
6969
5572
2070
814
7084
8082
3588
9605
8157
9742
5516
9990
3288
2806
6863
5561
3969
7030
845
9088
3586
1453
7195
7725
2072
710
9133
5247
915
6192
7809
4036
8002
4164
233
2155
5986
5068
9888
5673
8820
3301
7864
3785
5720
9017
9239
3117
772
4201
1412
2682
6381
9043
4642
9217
4139
5808
408
6837
8885
5274
2354
8335
3740
5434
1951
7254
8436
8642
2157
6133
3082
5128
5372
4538
5475
3277
5156
879
8812
344
5938
6719
1975
6270
4768
8024
2849
30
9787
9939
9521
4484
4076
5531
9970
9562
9490
7801
6800
5342
798
8046
9407
891
1456
4
8892
9813
196
4726
9345
2691
9533
5539
6685
2193
9816
1824
9088
6074
8708
4966
1778
7614
3285
3502
4105
9512
2590
288
7435
3531
9918
3570
6457
7918
3027
8976
2833
1335
2855
164
8924
3410
6268
7040
74
2853
2082
9725
9485
1676
2649
4127
3362
7785
1536
6922
9791
7134
1742
9068
1080
407
5663
7951
3256
6949
1704
3650
4591
8430
6195
4845
4466
5017
6640
3584
3536
3043
7167
8855
8620
8322
4284
7229
7925
2655
1148
161
1490
7308
8419
3241
8309
1056
1710
1123
8282
3853
3071
735
9139
5863
8712
4125
4992
9159
1376
1450
5322
2961
5561
929
4155
5357
3586
5054
7981
3242
1211
5990
247
272
6429
2558
363
9805
8404
3031
1765
9696
9996
3394
8161
5133
4779
9038
7636
9
6109
4151
6194
7825
3498
5739
8859
6041
4107
3393
9893
3922
7903
2902
1066
9263
4768
3629
2001
1000
1582
5111
7402
871
8194
4066
5034
4733
7125
5017
478
7947
8829
9366
1291
3575
7841
7473
8719
4779
393
1946
4519
8586
3802
8540
5367
357
4263
9141
7091
4212
3699
1394
271
9229
6153
5603
5957
9464
8448
3404
4499
850
2784
3750
8306
1238
6611
7266
4502
7921
1745
4117
9022
3869
7978
4009
2802
5992
1045
1247
7094
550
3925
1133
7364
7394
8871
2040
7269
5277
6664
493
4887
6788
3358
5896
9966
4167
5520
5287
3514
8973
8444
681
2618
1740
3469
3837
7171
6383
6022
1645
9649
6858
6404
6033
4328
7543
477
5754
3493
2798
3834
3080
8066
7101
4393
4005
9766
3885
1163
4062
534
5981
5954
6351
4572
8000
9942
9256
5517
8231
1923
7058
2322
3249
7683
3262
9288
3908
3346
5368
2870
1676
7928
4004
9168
3259
8922
1971
1352
2676
3922
15
5491
8978
5808
6051
4191
9366
7151
973
2246
9208
5867
8292
9593
8130
8382
7977
5850
4694
9503
7708
5640
8385
6596
6085
3772
6756
946
5024
969
2080
7882
7213
6396
6878
8278
4192
2264
3587
5638
7288
1335
7851
6579
1007
3853
3824
7048
1642
79
5331
1510
6891
737
8734
554
3322
6232
5199
4045
6526
3098
7732
1406
4033
6149
289
2606
3006
6470
721
8547
6782
4350
1077
1665
3456
8663
755
8502
5557
7808
614
6344
9960
6841
4562
2248
7582
2618
7019
8606
8355
4771
8696
1044
7660
4414
4414
3481
2951
7201
299
6221
770
6396
5025
9681
6812
7961
9846
5399
4983
4699
1255
1007
4273
214
5178
6121
6334
495
9497
2878
6890
7894
200
2541
5704
7981
6101
8578
2391
5744
704
4013
2233
9223
8276
7585
1558
2732
2780
6301
5006
9177
8655
7457
9796
4594
3894
1019
5952
4327
9523
6757
1121
2314
4237
8465
1193
3385
9607
1129
3964
998
6890
7532
3119
9414
959
7934
696
96
6141
9082
3199
8449
3950
6715
7585
7427
6256
8524
6701
3785
930
5963
3027
4464
6148
5047
5857
1515
6984
336
6950
3592
4854
2116
7901
8032
3929
7197
9027
9604
9336
5527
6654
4463
6670
2734
1281
7555
352
7447
7484
8154
4898
597
7242
240
940
7093
5512
6756
4729
4747
3797
4601
4602
9934
2130
4515
3592
7170
3263
5426
4650
9048
6016
8749
6163
3075
3354
316
1444
6623
9446
6026
1652
7614
586
3082
7015
3847
4847
1274
5378
4009
1674
5978
7447
1771
1571
3562
1831
781
7603
1734
8142
6545
6112
9589
791
6891
1774
1971
4236
6901
4152
4783
5686
1849
7842
54
2229
8338
4634
4555
8401
5042
6066
1613
1591
1615
1575
745
581
2141
4672
1403
2490
504
7894
3784
1747
1055
9783
767
9029
8308
5794
2862
9948
916
6492
5238
7945
5456
1128
7150
4211
5364
834
8785
8769
6400
1452
1354
3401
2716
5707
1611
6446
4165
907
9407
3688
727
8162
7110
9774
267
2658
6515
2333
6561
3916
9023
8671
1382
1379
8940
9229
8696
7176
4092
5591
288
1253
3321
4000
5892
1046
2410
5816
3039
7292
6115
5519
3770
8356
8178
1983
1434
6684
2507
4850
9642
6103
8748
3822
9422
6733
2897
2084
9900
1015
8332
3297
9185
9204
4195
510
4719
8509
6385
8253
8528
8709
3718
2021
1738
9544
4203
8720
9838
8829
3110
8735
4608
8794
9064
9783
9690
6653
1701
2074
5171
6065
6677
9679
7093
2171
2954
9486
6441
9198
6442
9176
4689
8154
5262
7447
8620
7397
9419
307
2018
5124
3100
8661
4475
9874
2423
548
9982
9564
8874
4736
2070
114
2037
151
826
5716
4918
9950
3950
6705
5422
3719
9674
1187
4107
9160
4915
6408
9413
4891
9629
3899
1685
4977
5587
3505
684
8833
3065
9981
2736
6660
637
5847
4489
4591
4019
4026
5914
6955
3703
4827
3735
2414
3451
3646
4409
5175
8286
2277
6859
6368
8588
6047
5664
3750
2584
407
1658
3574
3877
4731
8374
9542
9448
9172
5740
6329
2640
1266
5867
4635
6008
6009
945
2810
6326
1077
9536
7328
6170
2414
1107
1776
1485
2597
8907
7856
745
6375
7448
1144
1162
2069
8536
4243
2425
5239
1423
4085
3403
9927
1194
1191
1716
138
2872
97
6408
7076
4299
868
5529
3087
6310
6393
8878
1560
4942
8509
3162
280
5867
1998
654
720
5211
2556
2831
9685
4867
4109
5914
6501
2786
8405
7549
2355
4615
8558
4957
6138
5148
6603
2471
7475
9337
3783
9957
3477
3734
952
6903
3988
708
6343
8495
763
2537
8766
1171
9189
5096
5725
1074
3951
5502
6317
2733
8056
3655
2586
297
5307
4020
2630
5272
6574
4880
564
7877
7177
3691
6673
7257
181
4622
124
8132
9430
9522
9098
2597
2836
5691
5491
4033
7176
6907
1930
7940
9280
5662
5251
4941
2222
8369
1875
6965
7282
4699
9733
5673
5864
406
6097
4541
8655
4861
1839
2499
297
3221
4868
6059
1941
2176
6797
8752
9735
2294
8344
9420
4152
3663
4477
8376
9971
6878
4914
1536
566
2646
712
4551
5399
9378
4634
7407
2139
8655
9561
9643
7590
8070
286
8748
1121
3275
5110
2434
4805
7473
8667
600
7331
9527
8558
8739
5458
3048
3145
4132
7769
6214
3884
2988
1943
8816
2777
8984
1636
3596
7722
3513
9020
4483
9007
1248
6018
7543
4481
7223
2770
1299
7026
2937
827
5079
7743
3604
779
6367
6198
4379
9538
5844
5540
5070
5331
151
8364
5305
2348
6336
6675
6312
9567
6876
1504
9284
4547
3689
3930
8801
4295
1301
5032
8219
3170
1634
9388
2988
8041
1214
5942
4411
9951
2941
7350
7991
9716
8493
207
3089
8610
1636
367
8758
6372
4069
1074
4132
4645
680
103
8396
4868
5720
8728
6516
3434
6021
7975
8868
6308
4670
8547
2171
9034
6821
9622
3205
8503
1123
1424
450
5050
1310
5492
8613
6457
6616
1083
8525
6708
9394
38
1004
8419
5007
7154
7805
4003
3742
6559
2283
4892
930
8068
2941
1068
8808
9007
6752
5018
706
8817
4384
506
3809
8307
8865
5499
8201
1085
9184
5354
2855
9810
5539
7117
2914
3730
8900
6745
9711
132
7290
7967
8461
2625
8103
813
470
922
5627
3812
4295
3684
3521
5177
4199
4527
1333
4407
8255
2568
1345
6811
3265
4812
7752
2909
7158
5732
480
1806
1274
505
9522
9326
4349
289
7733
5245
4758
740
4815
3031
6323
3719
9491
9881
2773
3867
4511
8715
1616
4608
3465
2712
3426
8979
6353
3213
3145
7116
3226
6104
2161
223
8390
8698
9994
5580
3172
985
7019
486
4349
8414
2946
2913
29
537
9132
3816
5630
6757
9186
1118
7021
3695
9309
8941
1119
5612
5323
9445
738
5349
789
2289
9276
7793
2488
7218
147
7766
8064
8316
2039
8101
9459
1607
3890
8919
2560
3761
7836
539
6707
1477
3429
8415
2427
5136
3190
4331
6405
581
2320
9581
3153
4601
9779
2228
618
5610
6022
8949
859
5921
6419
9685
2875
7715
7867
1293
5518
1606
3315
525
1001
2330
2180
7648
2965
9029
3789
2092
9870
7399
5029
5167
3383
6564
189
6889
1799
3682
6942
9573
6386
8945
3392
5573
169
3464
9975
7749
5445
8220
1516
1071
8904
4620
3097
8646
6387
54
1402
4391
6721
7567
921
2352
1213
6191
7094
320
9715
4588
875
5082
7646
540
1785
9968
1563
1874
7635
4659
8422
3324
9047
5922
6353
1344
2327
969
9418
2428
2871
6827
5493
7217
3302
5031
7930
6041
1930
3987
7514
3008
7357
6922
3682
4995
6345
2210
186
9365
5171
6683
6772
1593
354
8002
6913
9388
9430
7239
1022
3503
9640
8432
5295
8962
8291
720
3133
3290
9244
7832
3183
817
211
7836
6632
555
190
5431
9049
793
5249
7689
2592
1136
6439
7750
6726
5041
4689
8743
3466
9359
3983
4960
9184
9563
9377
3544
1523
6927
6475
4540
443
6273
3789
4568
1939
7146
7354
3230
5690
2888
3286
33
3373
3436
5733
8573
7133
9345
6657
8806
5061
3446
2810
3191
6079
6360
2163
1836
4619
6129
3195
3846
4756
105
1055
8468
9426
3314
9389
8168
9636
1727
7746
1717
7483
4064
6511
3709
8103
7662
8912
5908
1710
7422
3604
1143
5520
1143
8685
6106
7530
383
6259
6767
5967
7230
7434
8505
4335
7515
2983
922
8682
7997
1955
294
911
4981
1475
9073
3032
2073
6678
2568
7374
6738
4436
6787
6088
7031
7366
6378
6745
7475
5450
6052
8481
3221
9889
3895
707
9356
9449
8576
4459
4033
9493
2081
3468
3481
7380
1893
420
5090
3785
9059
7621
1431
3182
136
7133
3021
2493
4385
8714
3914
9560
2951
921
6687
8724
1575
7454
4659
1073
8769
7175
3327
3716
5247
6490
911
6927
6621
1435
2881
2166
4695
1377
5931
2291
795
3381
4034
217
7468
5087
440
8967
3330
6444
6492
965
5374
3518
7035
4554
7872
3140
5255
9663
754
4460
8457
8774
6014
828
6867
5955
7452
70
3960
3867
1030
4879
6364
1345
2126
3348
6815
8036
6764
2725
2968
8953
1448
5758
2391
8226
726
7429
7851
7443
4291
5743
4405
481
2838
9824
3016
3569
8075
1247
3559
3521
5047
7303
835
463
4966
779
6260
8107
1196
1713
5342
2931
5972
6314
7349
1775
8575
1778
647
1480
6431
8924
8468
9689
9024
4411
7160
1028
2628
2442
1434
6518
3867
2569
8515
5443
4552
1208
284
4389
2013
4185
4607
9059
5046
1386
2438
6355
3488
2579
940
5713
2653
7532
5522
1702
8271
2951
1466
1834
2191
9601
7062
2747
7759
2516
4937
8675
375
1706
6974
4713
5131
9682
8866
3745
9920
3113
2919
9957
1446
9068
2194
183
2797
4366
9976
9650
7206
4703
300
6643
1429
2511
1475
7918
182
8175
4646
4097
2686
1537
9338
9723
3529
2184
229
7974
9351
2457
9443
3592
7568
1060
2373
4811
7491
9959
6420
8752
6955
9123
9443
3798
9886
488
9200
6895
6074
5023
9623
5961
3197
2795
8354
2652
5803
9836
4482
2760
4247
2181
2403
2824
4114
9905
2239
1731
2554
9149
2474
8393
4362
7894
343
39
3135
4592
2142
4914
4091
8910
4817
7652
6950
3593
4527
3703
5117
6847
1134
5186
5059
7294
1497
8175
1925
6863
9910
6535
3744
7093
8384
1122
249
3189
7140
9075
5971
7713
4729
2764
5356
6600
9567
7463
1582
2629
627
4190
9691
3947
230
1997
6354
6143
8336
7762
301
3807
778
8223
9728
1140
5686
7602
7376
3141
4172
3944
8084
4079
9790
9864
4029
7387
8326
8577
6440
8862
7242
9971
2075
1055
781
2610
795
2389
2897
603
4744
7620
1725
3735
3851
395
5508
10
1587
1542
7401
2289
4675
9167
6762
389
5616
9409
1297
8786
3465
5441
9180
8602
1771
6414
9032
1037
8587
3163
57
725
9640
4391
8584
8637
8499
3624
3741
8250
993
2549
178
4653
4688
1354
5521
9761
4207
1196
5699
5014
3751
6929
7755
9186
5418
9919
9670
1102
83
5648
7176
6140
77
3687
4076
9723
9928
8160
1995
3815
7677
8277
7180
2907
7909
7597
4657
2669
7460
5417
1334
4025
63
2210
7397
6737
4163
5874
7065
1812
8094
246
2911
6288
9525
2138
9665
6996
7254
560
7265
3453
6420
