1
4
5
6
7
7
8
9
9
10
15
16
17
17
18
19
19
20
21
23
23
24
25
26
28
29
29
29
30
32
32
33
33
35
35
36
38
39
39
39
40
41
44
45
45
46
47
48
48
50
50
51
52
53
54
54
54
54
54
55
57
57
58
59
60
62
62
63
63
64
66
66
67
68
70
70
70
74
74
77
77
79
80
83
84
84
85
87
88
89
90
95
96
96
96
96
97
100
102
103
103
104
104
105
107
107
110
112
112
113
113
114
114
114
115
117
117
119
120
120
120
121
121
122
123
124
127
128
128
130
132
132
133
136
138
138
141
142
143
144
144
145
146
147
148
148
149
151
151
151
152
153
155
156
158
158
160
160
161
162
162
162
163
163
164
164
166
167
168
169
170
170
171
175
175
176
176
176
178
180
180
180
181
182
182
183
183
185
186
188
188
189
190
190
192
192
193
193
193
194
194
195
195
196
197
198
199
200
201
202
203
203
204
205
206
207
207
208
208
209
210
211
212
214
214
214
215
215
215
215
216
217
217
218
219
221
221
222
222
223
223
225
227
228
229
230
231
233
233
236
236
240
240
245
246
246
247
249
249
251
252
256
257
257
261
261
264
267
269
269
269
270
271
271
272
272
274
275
276
276
277
279
279
280
284
286
286
287
288
288
289
289
290
292
293
293
294
294
295
296
297
297
297
297
298
299
300
301
304
307
307
307
309
311
312
314
314
316
316
316
317
317
317
319
319
320
320
321
323
323
325
326
326
327
328
328
328
331
332
333
335
336
336
341
343
344
344
344
346
347
348
349
350
350
351
352
352
354
354
356
356
357
357
357
358
359
359
359
360
360
361
361
362
363
365
366
367
370
371
371
374
374
375
376
380
380
380
383
386
387
388
389
389
389
389
390
391
393
393
394
394
395
395
396
397
400
400
400
402
403
403
404
405
406
407
407
408
408
409
409
410
412
414
415
416
418
420
421
425
426
431
431
434
436
436
440
441
442
443
443
443
445
446
449
450
450
452
456
458
460
460
462
462
462
463
464
467
470
470
470
470
471
471
474
474
475
475
477
477
478
480
480
480
481
482
482
483
486
486
486
487
488
488
489
489
490
491
493
494
495
495
495
497
500
501
504
505
506
508
509
509
510
512
512
513
513
514
516
516
519
523
523
524
525
527
528
528
528
530
533
533
533
534
536
537
538
539
539
540
540
540
540
541
541
543
544
545
547
548
548
548
550
550
550
550
552
554
555
557
558
558
560
564
564
565
565
565
565
566
566
567
567
567
569
570
572
572
574
580
581
581
581
583
585
586
587
587
589
590
593
594
597
597
599
599
600
600
602
603
603
605
608
608
609
612
613
614
614
614
615
615
616
618
618
622
623
625
627
627
629
629
631
631
633
636
637
637
638
638
641
641
642
642
643
644
645
647
648
650
651
652
654
654
656
658
659
660
664
664
666
667
668
669
670
670
674
675
677
678
680
681
681
681
682
682
684
688
689
689
689
690
690
694
696
697
697
698
698
702
704
704
705
705
706
706
707
707
708
709
709
710
710
710
711
711
712
712
712
713
714
717
718
719
720
720
720
721
721
722
722
725
726
726
727
729
730
730
731
733
733
734
735
737
738
738
740
740
740
741
743
745
745
747
753
754
755
755
755
763
763
763
766
766
767
769
769
770
770
770
771
772
772
773
776
778
778
779
779
779
779
779
779
781
781
781
783
784
785
786
789
791
791
792
792
793
793
793
794
794
795
795
798
801
803
803
805
806
810
810
813
814
814
815
815
815
815
817
818
819
820
822
823
824
825
826
827
827
828
828
828
828
828
830
831
833
834
835
836
837
840
844
844
845
845
845
846
846
847
849
850
851
851
852
852
854
855
855
858
859
862
863
866
868
870
871
872
872
873
873
873
875
875
876
876
877
879
879
880
881
885
887
887
891
892
892
892
893
893
894
897
899
900
900
901
905
905
905
906
906
907
907
908
908
910
911
911
913
915
916
916
917
921
921
922
922
922
926
928
928
929
929
930
930
932
934
935
939
940
940
940
942
943
944
944
944
945
946
946
947
947
948
950
952
953
953
953
955
955
957
959
959
960
962
963
965
965
965
966
967
968
968
969
969
970
971
973
973
973
975
975
976
977
977
978
978
980
980
981
981
983
983
983
985
985
986
986
988
990
992
992
993
994
995
996
996
997
998
1000
1000
1001
1001
1001
1002
1002
1003
1004
1004
1005
1007
1007
1010
1010
1010
1014
1015
1015
1018
1019
1019
1021
1021
1021
1022
1022
1022
1023
1024
1025
1026
1026
1027
1028
1030
1032
1035
1036
1037
1037
1038
1039
1040
1041
1042
1043
1043
1043
1044
1044
1044
1045
1045
1046
1046
1046
1047
1051
1051
1052
1053
1053
1054
1055
1055
1055
1056
1057
1057
1057
1059
1060
1061
1062
1062
1063
1064
1064
1064
1065
1065
1066
1068
1068
1069
1070
1070
1071
1071
1073
1074
1074
1074
1075
1077
1077
1079
1079
1079
1080
1083
1083
1083
1083
1083
1085
1085
1088
1088
1088
1089
1089
1089
1090
1092
1093
1094
1094
1095
1096
1097
1098
1099
1101
1102
1104
1104
1106
1107
1109
1110
1111
1114
1115
1117
1117
1118
1118
1119
1121
1121
1122
1123
1123
1123
1127
1127
1128
1128
1128
1129
1129
1132
1133
1134
1134
1136
1136
1139
1139
1140
1141
1142
1143
1143
1143
1144
1148
1148
1149
1150
1152
1152
1154
1155
1157
1159
1160
1162
1162
1162
1163
1164
1164
1165
1166
1167
1168
1168
1169
1169
1171
1172
1174
1174
1174
1174
1178
1178
1180
1180
1181
1181
1181
1183
1183
1185
1185
1187
1187
1188
1189
1189
1190
1191
1191
1191
1191
1193
1193
1193
1194
1194
1194
1195
1196
1196
1197
1199
1200
1200
1201
1201
1203
1204
1206
1208
1208
1209
1211
1211
1211
1211
1212
1213
1213
1214
1216
1216
1217
1218
1221
1222
1223
1226
1228
1229
1230
1231
1231
1233
1234
1235
1238
1238
1239
1240
1241
1241
1242
1244
1247
1247
1248
1248
1248
1249
1251
1252
1253
1253
1254
1255
1255
1255
1255
1255
1256
1257
1258
1261
1262
1264
1264
1266
1268
1269
1270
1273
1274
1274
1274
1274
1275
1278
1279
1279
1279
1281
1281
1281
1281
1285
1285
1286
1286
1290
1291
1293
1293
1294
1295
1295
1296
1297
1299
1299
1299
1301
1301
1302
1305
1307
1308
1309
1309
1310
1310
1312
1312
1313
1314
1318
1318
1318
1319
1319
1320
1323
1323
1324
1325
1325
1328
1329
1329
1330
1333
1333
1334
1334
1335
1335
1335
1335
1335
1336
1336
1339
1339
1341
1342
1344
1345
1345
1345
1351
1351
1352
1353
1353
1354
1354
1354
1355
1357
1357
1358
1358
1358
1359
1361
1361
1362
1362
1362
1362
1364
1365
1366
1367
1368
1369
1375
1376
1377
1378
1378
1379
1380
1380
1381
1382
1383
1386
1387
1388
1388
1389
1390
1392
1392
1392
1393
1393
1394
1394
1395
1396
1396
1397
1397
1398
1399
1400
1400
1402
1402
1403
1403
1405
1406
1406
1407
1408
1409
1409
1410
1412
1413
1413
1414
1415
1416
1417
1419
1421
1423
1424
1424
1426
1428
1429
1430
1431
1431
1434
1434
1434
1435
1436
1436
1437
1441
1441
1443
1444
1445
1446
1446
1446
1446
1447
1448
1449
1450
1451
1452
1452
1452
1453
1453
1454
1455
1455
1456
1456
1457
1460
1460
1462
1463
1464
1465
1466
1467
1468
1470
1471
1471
1472
1474
1475
1475
1475
1476
1476
1477
1477
1478
1478
1480
1482
1482
1483
1485
1485
1485
1490
1490
1491
1493
1493
1493
1494
1494
1497
1498
1499
1499
1500
1502
1504
1504
1506
1507
1507
1507
1508
1509
1510
1511
1511
1512
1513
1515
1515
1516
1516
1518
1519
1520
1521
1522
1523
1523
1524
1527
1529
1530
1533
1536
1536
1536
1537
1537
1541
1542
1542
1543
1544
1544
1546
1546
1547
1547
1547
1547
1548
1553
1553
1554
1557
1558
1559
1559
1560
1561
1563
1565
1565
1566
1566
1569
1571
1574
1575
1575
1575
1575
1575
1577
1578
1579
1580
1580
1580
1582
1582
1585
1585
1587
1588
1588
1591
1591
1593
1593
1594
1595
1596
1596
1597
1600
1602
1604
1604
1605
1606
1606
1607
1608
1608
1610
1610
1611
1612
1612
1612
1613
1613
1615
1616
1616
1618
1619
1619
1620
1620
1621
1621
1623
1623
1623
1625
1626
1627
1628
1629
1631
1631
1632
1633
1634
1634
1636
1636
1636
1638
1639
1640
1641
1641
1641
1642
1642
1644
1644
1644
1645
1645
1645
1645
1648
1649
1650
1650
1652
1653
1654
1656
1657
1657
1657
1658
1659
1661
1663
1663
1664
1665
1665
1670
1672
1672
1673
1674
1674
1674
1676
1676
1677
1677
1677
1679
1680
1682
1683
1683
1684
1685
1685
1688
1688
1689
1690
1690
1690
1690
1691
1692
1693
1695
1698
1700
1700
1701
1701
1702
1702
1702
1703
1703
1704
1704
1705
1705
1705
1706
1706
1710
1710
1710
1711
1711
1712
1712
1713
1714
1716
1716
1717
1719
1719
1720
1720
1722
1723
1723
1724
1724
1725
1725
1725
1725
1727
1727
1729
1731
1731
1734
1735
1736
1736
1738
1738
1738
1739
1740
1742
1743
1744
1745
1746
1747
1748
1749
1750
1750
1753
1756
1757
1757
1758
1763
1764
1765
1765
1766
1767
1767
1771
1771
1772
1773
1773
1774
1775
1776
1776
1778
1778
1778
1779
1781
1784
1784
1784
1785
1786
1787
1787
1789
1789
1789
1790
1792
1793
1793
1793
1794
1794
1796
1798
1799
1799
1799
1800
1803
1803
1803
1803
1804
1804
1806
1806
1808
1808
1809
1810
1811
1812
1812
1816
1816
1817
1819
1820
1820
1821
1824
1826
1827
1830
1831
1832
1832
1834
1834
1836
1838
1838
1839
1840
1840
1843
1843
1844
1845
1848
1848
1849
1852
1852
1853
1854
1858
1858
1859
1859
1860
1860
1862
1863
1863
1863
1866
1867
1870
1870
1870
1871
1873
1873
1874
1875
1875
1876
1880
1881
1882
1882
1884
1889
1891
1891
1893
1898
1899
1903
1904
1905
1910
1912
1912
1915
1915
1918
1919
1920
1921
1922
1923
1923
1925
1926
1927
1929
1929
1930
1930
1930
1931
1934
1934
1939
1939
1941
1941
1942
1942
1942
1943
1946
1948
1950
1950
1951
1952
1952
1952
1954
1955
1958
1959
1960
1960
1961
1963
1964
1964
1971
1971
1971
1972
1975
1975
1975
1975
1976
1977
1979
1981
1982
1982
1982
1983
1984
1989
1993
1994
1995
1995
1996
1997
1997
1998
2001
2002
2004
2004
2006
2008
2010
2011
2012
2013
2015
2015
2016
2017
2018
2020
2021
2022
2025
2027
2028
2028
2030
2034
2034
2037
2037
2039
2039
2040
2041
2044
2046
2047
2048
2048
2048
2049
2050
2052
2053
2055
2055
2056
2058
2060
2060
2066
2067
2069
2069
2070
2070
2072
2073
2073
2074
2074
2075
2077
2078
2078
2080
2080
2081
2082
2082
2084
2084
2088
2089
2089
2091
2091
2091
2092
2092
2095
2095
2095
2095
2096
2096
2099
2100
2101
2102
2102
2103
2105
2106
2109
2110
2111
2115
2116
2116
2116
2117
2119
2119
2119
2121
2122
2122
2123
2125
2126
2127
2128
2129
2130
2130
2130
2131
2133
2137
2138
2138
2139
2140
2141
2142
2146
2148
2148
2150
2151
2152
2152
2152
2154
2155
2156
2156
2157
2159
2160
2160
2161
2161
2161
2163
2163
2163
2165
2166
2166
2169
2170
2171
2171
2172
2174
2174
2175
2176
2177
2178
2178
2180
2180
2181
2181
2183
2184
2186
2187
2187
2187
2191
2191
2193
2194
2194
2195
2197
2197
2198
2201
2202
2204
2205
2207
2208
2208
2208
2210
2210
2212
2215
2218
2220
2221
2222
2223
2224
2224
2225
2227
2227
2228
2228
2228
2229
2233
2233
2233
2234
2234
2235
2236
2237
2237
2237
2238
2239
2241
2242
2244
2246
2246
2248
2250
2250
2251
2252
2252
2253
2255
2255
2257
2257
2257
2259
2261
2261
2263
2264
2264
2264
2267
2268
2270
2270
2270
2271
2271
2273
2275
2275
2275
2275
2275
2276
2277
2277
2280
2281
2281
2283
2283
2283
2289
2289
2290
2290
2291
2291
2293
2294
2294
2295
2295
2296
2299
2299
2300
2300
2302
2302
2305
2305
2306
2310
2314
2315
2315
2317
2317
2317
2318
2319
2320
2320
2320
2322
2322
2322
2323
2326
2327
2328
2329
2329
2330
2330
2330
2331
2332
2333
2333
2335
2335
2336
2336
2337
2340
2341
2344
2344
2346
2348
2351
2351
2352
2352
2354
2354
2355
2360
2360
2363
2365
2366
2366
2367
2368
2370
2370
2370
2371
2372
2372
2373
2376
2378
2380
2387
2387
2388
2389
2389
2391
2391
2391
2391
2392
2392
2392
2395
2396
2396
2397
2397
2399
2400
2401
2401
2403
2403
2403
2407
2408
2409
2410
2410
2411
2411
2411
2411
2411
2412
2412
2412
2414
2414
2414
2414
2415
2419
2419
2419
2421
2422
2422
2423
2424
2424
2425
2425
2427
2427
2428
2428
2428
2428
2430
2430
2434
2434
2435
2436
2437
2438
2438
2442
2442
2442
2442
2442
2442
2444
2444
2446
2447
2447
2448
2448
2449
2450
2450
2450
2455
2457
2457
2458
2459
2460
2461
2462
2463
2464
2467
2469
2470
2471
2471
2472
2472
2474
2474
2474
2475
2476
2477
2478
2478
2479
2479
2480
2485
2485
2486
2487
2488
2490
2491
2492
2492
2493
2494
2494
2496
2499
2499
2505
2506
2507
2509
2511
2511
2511
2512
2513
2513
2513
2513
2514
2514
2515
2516
2516
2518
2518
2519
2519
2520
2520
2520
2520
2522
2523
2523
2523
2528
2529
2531
2531
2531
2531
2532
2532
2535
2535
2536
2536
2537
2539
2539
2539
2541
2541
2541
2541
2544
2547
2548
2549
2550
2550
2551
2552
2552
2553
2554
2555
2555
2556
2556
2556
2556
2558
2558
2560
2561
2566
2568
2568
2568
2569
2569
2569
2569
2570
2571
2571
2572
2573
2574
2574
2575
2575
2575
2576
2577
2577
2579
2580
2580
2584
2586
2586
2587
2590
2591
2592
2592
2594
2597
2597
2597
2598
2599
2600
2601
2604
2604
2605
2605
2606
2607
2607
2608
2610
2610
2612
2613
2613
2617
2617
2618
2618
2618
2618
2621
2623
2624
2625
2625
2625
2625
2628
2628
2629
2629
2630
2634
2635
2635
2639
2640
2642
2643
2644
2645
2646
2646
2647
2647
2649
2649
2652
2653
2654
2654
2655
2658
2658
2659
2661
2664
2664
2665
2666
2669
2669
2672
2672
2672
2676
2676
2677
2677
2679
2680
2682
2683
2684
2685
2686
2686
2688
2689
2689
2690
2691
2691
2694
2696
2697
2698
2698
2698
2699
2700
2702
2702
2703
2707
2711
2711
2712
2712
2714
2716
2716
2718
2721
2721
2721
2723
2723
2725
2726
2726
2726
2726
2726
2728
2729
2732
2732
2732
2732
2733
2733
2733
2734
2736
2738
2740
2740
2741
2742
2742
2744
2746
2746
2747
2747
2747
2749
2751
2751
2760
2760
2760
2761
2762
2762
2764
2766
2769
2769
2769
2770
2770
2770
2772
2773
2773
2774
2774
2775
2775
2776
2777
2777
2779
2780
2780
2781
2783
2784
2784
2786
2788
2788
2791
2793
2793
2794
2795
2796
2796
2797
2797
2797
2798
2798
2799
2800
2801
2802
2802
2804
2806
2806
2807
2810
2810
2810
2812
2812
2812
2817
2818
2819
2820
2821
2822
2822
2823
2823
2823
2824
2825
2825
2826
2826
2827
2827
2827
2828
2828
2831
2831
2832
2832
2833
2834
2835
2835
2836
2836
2838
2839
2839
2840
2840
2840
2841
2844
2845
2845
2849
2849
2849
2852
2852
2853
2854
2855
2855
2856
2859
2860
2860
2860
2862
2862
2862
2864
2864
2864
2865
2867
2867
2868
2869
2870
2870
2871
2872
2872
2873
2873
2873
2874
2875
2876
2878
2878
2879
2881
2881
2881
2882
2885
2887
2888
2888
2888
2889
2890
2891
2892
2893
2893
2894
2896
2897
2897
2898
2900
2902
2904
2904
2905
2905
2906
2907
2908
2909
2910
2911
2911
2911
2911
2912
2913
2914
2914
2914
2915
2917
2918
2919
2919
2925
2927
2928
2929
2929
2930
2930
2931
2932
2934
2936
2937
2938
2939
2939
2939
2941
2941
2941
2942
2946
2946
2947
2947
2948
2949
2951
2951
2951
2952
2952
2954
2956
2956
2958
2958
2958
2959
2960
2961
2962
2962
2963
2965
2965
2966
2967
2968
2971
2977
2979
2980
2981
2981
2982
2982
2982
2983
2984
2985
2985
2987
2988
2988
2988
2991
2992
2995
2995
2996
2997
2998
2998
3000
3002
3003
3005
3005
3006
3007
3007
3007
3008
3012
3014
3014
3014
3015
3016
3017
3017
3018
3020
3021
3022
3025
3027
3027
3029
3031
3031
3032
3032
3033
3034
3035
3037
3038
3039
3040
3040
3041
3041
3042
3043
3043
3043
3043
3047
3048
3048
3051
3051
3052
3052
3053
3054
3056
3056
3056
3057
3062
3062
3063
3064
3065
3065
3065
3066
3066
3068
3068
3068
3070
3070
3071
3071
3073
3073
3074
3075
3077
3077
3078
3079
3079
3079
3080
3080
3080
3082
3082
3082
3082
3083
3083
3084
3087
3087
3087
3089
3090
3091
3091
3092
3093
3094
3095
3097
3098
3098
3099
3099
3099
3100
3100
3100
3101
3102
3102
3103
3103
3106
3107
3107
3108
3108
3109
3110
3112
3113
3114
3114
3115
3115
3117
3118
3118
3118
3119
3119
3119
3120
3121
3122
3125
3125
3125
3126
3129
3130
3132
3133
3135
3135
3137
3139
3139
3140
3141
3141
3142
3142
3145
3145
3146
3149
3150
3151
3153
3155
3155
3156
3156
3156
3157
3158
3158
3160
3160
3162
3162
3163
3164
3164
3165
3165
3165
3166
3166
3167
3170
3170
3170
3172
3172
3173
3173
3173
3174
3176
3177
3178
3182
3182
3183
3185
3186
3186
3186
3189
3189
3190
3190
3191
3191
3194
3195
3195
3195
3196
3196
3197
3197
3197
3199
3199
3199
3200
3201
3204
3205
3205
3206
3207
3207
3208
3208
3209
3213
3214
3215
3215
3216
3216
3217
3219
3220
3221
3221
3223
3226
3226
3227
3227
3227
3227
3230
3231
3234
3235
3235
3236
3239
3239
3240
3241
3241
3242
3242
3242
3243
3244
3245
3245
3245
3248
3249
3251
3253
3255
3256
3256
3256
3259
3259
3260
3260
3261
3261
3261
3262
3262
3263
3265
3265
3265
3267
3268
3270
3270
3272
3273
3273
3275
3277
3277
3277
3278
3278
3279
3280
3280
3281
3283
3285
3285
3286
3286
3286
3286
3288
3288
3289
3289
3290
3291
3292
3292
3297
3297
3300
3301
3302
3305
3307
3307
3309
3309
3312
3314
3314
3315
3315
3316
3316
3316
3317
3317
3317
3318
3318
3320
3321
3322
3322
3324
3324
3325
3326
3327
3327
3328
3330
3330
3330
3331
3333
3338
3338
3342
3343
3343
3344
3344
3344
3346
3347
3347
3348
3348
3350
3351
3352
3354
3354
3354
3356
3357
3358
3359
3360
3362
3362
3367
3367
3368
3368
3370
3371
3372
3373
3373
3374
3378
3379
3381
3381
3382
3383
3384
3384
3385
3388
3392
3393
3394
3394
3395
3398
3399
3399
3399
3401
3403
3403
3404
3405
3406
3407
3409
3410
3410
3412
3412
3412
3414
3416
3416
3418
3420
3421
3423
3424
3426
3426
3427
3429
3431
3434
3436
3437
3438
3438
3438
3439
3440
3440
3444
3446
3446
3449
3450
3451
3451
3451
3452
3452
3453
3453
3453
3455
3456
3459
3459
3461
3463
3463
3464
3465
3465
3465
3466
3466
3468
3469
3474
3474
3476
3477
3477
3477
3478
3479
3479
3480
3481
3481
3483
3484
3485
3488
3491
3492
3493
3493
3493
3494
3495
3495
3495
3496
3496
3497
3497
3498
3498
3498
3498
3498
3500
3502
3502
3502
3503
3505
3505
3506
3508
3509
3510
3512
3513
3513
3514
3515
3517
3517
3518
3520
3521
3521
3521
3522
3529
3531
3533
3534
3535
3536
3536
3537
3539
3539
3540
3542
3543
3544
3544
3544
3545
3546
3547
3547
3548
3548
3549
3551
3551
3552
3553
3554
3555
3555
3555
3556
3556
3557
3559
3559
3559
3559
3560
3560
3562
3562
3563
3563
3566
3568
3569
3569
3570
3570
3571
3572
3573
3574
3574
3575
3579
3580
3584
3586
3586
3586
3587
3588
3590
3591
3592
3592
3592
3592
3593
3593
3593
3596
3596
3597
3598
3599
3600
3600
3600
3601
3602
3604
3604
3604
3606
3607
3607
3609
3611
3612
3613
3613
3614
3615
3620
3621
3622
3623
3624
3625
3625
3625
3626
3627
3627
3629
3630
3632
3633
3634
3634
3634
3635
3636
3637
3637
3641
3641
3645
3646
3648
3649
3650
3655
3655
3655
3659
3660
3661
3662
3663
3665
3665
3670
3671
3677
3680
3681
3682
3682
3684
3687
3688
3689
3689
3690
3691
3692
3695
3696
3696
3696
3697
3697
3698
3699
3703
3703
3705
3705
3707
3707
3709
3710
3710
3710
3710
3711
3711
3712
3713
3716
3716
3716
3716
3717
3717
3718
3719
3719
3719
3720
3720
3721
3721
3723
3728
3728
3729
3730
3730
3730
3731
3733
3734
3735
3735
3735
3739
3739
3740
3740
3740
3741
3741
3741
3742
3743
3743
3744
3745
3746
3746
3746
3747
3748
3750
3750
3750
3750
3751
3751
3751
3753
3753
3753
3754
3755
3760
3760
3761
3762
3763
3763
3764
3765
3768
3768
3770
3772
3772
3772
3773
3773
3774
3776
3776
3777
3777
3778
3778
3780
3782
3783
3784
3785
3785
3785
3786
3787
3787
3787
3789
3789
3789
3793
3794
3794
3797
3798
3800
3802
3802
3803
3805
3806
3807
3809
3809
3810
3812
3815
3815
3815
3816
3816
3816
3817
3821
3821
3821
3822
3822
3824
3825
3825
3828
3829
3830
3833
3834
3837
3837
3837
3838
3840
3840
3841
3842
3843
3843
3845
3846
3846
3846
3846
3847
3848
3848
3849
3849
3849
3849
3850
3851
3851
3853
3853
3853
3854
3855
3858
3861
3861
3862
3862
3863
3863
3867
3867
3867
3867
3869
3869
3874
3875
3876
3876
3876
3877
3877
3881
3884
3885
3886
3886
3887
3887
3888
3890
3890
3891
3891
3891
3891
3894
3895
3896
3896
3897
3897
3897
3899
3899
3900
3901
3904
3905
3906
3907
3907
3907
3908
3909
3909
3910
3911
3911
3914
3914
3915
3916
3916
3917
3919
3920
3920
3920
3922
3922
3922
3924
3925
3925
3925
3925
3926
3929
3930
3931
3933
3933
3934
3934
3935
3936
3937
3940
3942
3943
3943
3944
3944
3944
3945
3947
3948
3950
3950
3950
3950
3950
3951
3951
3951
3952
3952
3953
3953
3955
3956
3958
3959
3960
3960
3963
3964
3964
3964
3965
3966
3968
3969
3973
3974
3974
3975
3976
3981
3983
3983
3983
3984
3984
3985
3985
3985
3985
3986
3987
3987
3987
3988
3988
3990
3992
3992
3992
3993
3993
3993
3995
3997
4000
4000
4001
4001
4002
4003
4004
4005
4006
4006
4008
4008
4009
4009
4011
4011
4011
4011
4013
4016
4016
4017
4018
4018
4018
4019
4019
4019
4020
4021
4021
4024
4025
4025
4025
4026
4026
4027
4027
4029
4029
4029
4030
4030
4031
4031
4033
4033
4033
4034
4034
4034
4035
4035
4036
4036
4037
4037
4040
4040
4040
4044
4045
4045
4050
4050
4053
4054
4055
4055
4055
4056
4060
4061
4062
4064
4065
4066
4067
4067
4067
4069
4069
4069
4070
4074
4076
4076
4076
4078
4078
4079
4080
4081
4083
4085
4085
4085
4088
4088
4089
4091
4092
4092
4093
4093
4093
4095
4097
4097
4098
4100
4101
4102
4102
4103
4103
4105
4105
4106
4106
4107
4107
4108
4108
4109
4109
4110
4110
4112
4112
4114
4115
4116
4117
4118
4118
4120
4122
4124
4125
4126
4127
4128
4131
4132
4132
4132
4134
4136
4136
4136
4139
4140
4141
4141
4142
4146
4150
4150
4151
4151
4152
4152
4154
4155
4155
4158
4159
4162
4163
4164
4165
4165
4166
4167
4169
4170
4171
4172
4172
4175
4176
4180
4180
4183
4185
4185
4185
4188
4189
4189
4190
4190
4191
4191
4192
4193
4194
4195
4195
4197
4197
4199
4199
4201
4201
4202
4203
4204
4205
4206
4207
4207
4207
4208
4208
4209
4211
4211
4212
4212
4213
4213
4214
4216
4216
4218
4218
4219
4220
4220
4224
4224
4224
4224
4225
4225
4226
4227
4228
4229
4229
4229
4230
4230
4230
4232
4233
4234
4236
4237
4237
4237
4237
4239
4239
4241
4241
4242
4243
4245
4247
4247
4247
4248
4248
4250
4250
4252
4253
4254
4255
4255
4255
4256
4257
4258
4259
4260
4263
4263
4263
4264
4270
4270
4271
4271
4272
4272
4273
4273
4275
4276
4276
4278
4278
4284
4287
4291
4291
4292
4292
4292
4292
4294
4294
4295
4295
4295
4295
4298
4299
4300
4302
4306
4307
4307
4308
4308
4309
4312
4314
4318
4318
4325
4326
4326
4327
4327
4328
4328
4328
4330
4331
4334
4335
4337
4338
4338
4338
4339
4340
4341
4343
4348
4349
4349
4349
4350
4350
4352
4353
4357
4358
4358
4360
4360
4361
4362
4362
4362
4362
4365
4366
4367
4367
4368
4368
4369
4369
4369
4369
4371
4371
4375
4377
4379
4379
4379
4380
4381
4381
4384
4385
4385
4387
4388
4389
4389
4390
4390
4390
4391
4391
4391
4392
4393
4393
4394
4396
4396
4397
4397
4398
4403
4403
4405
4407
4408
4409
4409
4411
4411
4412
4412
4414
4414
4416
4417
4418
4420
4420
4420
4420
4422
4423
4424
4427
4428
4430
4435
4436
4436
4438
4438
4439
4443
4443
4444
4445
4446
4447
4448
4450
4450
4451
4452
4455
4455
4456
4457
4457
4457
4457
4459
4459
4460
4463
4463
4464
4464
4464
4465
4466
4466
4470
4470
4471
4472
4472
4475
4476
4476
4477
4480
4481
4482
4483
4484
4484
4486
4486
4487
4487
4487
4488
4488
4489
4490
4492
4493
4493
4494
4496
4497
4497
4499
4501
4502
4503
4504
4511
4512
4513
4515
4516
4518
4519
4519
4519
4522
4523
4523
4525
4525
4527
4527
4527
4527
4532
4534
4538
4539
4539
4539
4540
4540
4541
4543
4544
4547
4547
4548
4550
4551
4551
4552
4554
4554
4554
4555
4557
4557
4557
4558
4561
4562
4563
4564
4568
4568
4569
4569
4569
4570
4571
4572
4572
4573
4574
4574
4576
4577
4578
4579
4580
4581
4581
4582
4583
4584
4585
4587
4588
4588
4589
4591
4591
4592
4594
4594
4595
4595
4597
4597
4598
4599
4599
4600
4601
4601
4602
4602
4602
4602
4603
4603
4604
4604
4604
4605
4607
4608
4608
4608
4611
4612
4612
4614
4615
4619
4619
4619
4620
4620
4622
4626
4629
4630
4630
4630
4634
4634
4634
4635
4636
4637
4641
4642
4643
4643
4645
4645
4646
4646
4647
4648
4650
4651
4651
4652
4652
4653
4654
4655
4655
4657
4657
4657
4658
4659
4659
4660
4662
4664
4665
4665
4667
4667
4668
4668
4668
4669
4670
4670
4671
4672
4674
4674
4675
4679
4679
4679
4680
4681
4681
4681
4681
4682
4688
4689
4689
4689
4689
4692
4694
4695
4695
4697
4699
4699
4700
4700
4701
4702
4702
4702
4703
4703
4704
4704
4705
4706
4711
4711
4711
4711
4713
4713
4714
4716
4716
4717
4718
4719
4720
4721
4721
4721
4722
4723
4726
4728
4728
4729
4729
4730
4730
4731
4732
4733
4736
4738
4738
4738
4738
4740
4743
4744
4744
4744
4747
4748
4749
4749
4750
4754
4755
4755
4756
4758
4760
4762
4763
4763
4763
4764
4764
4765
4765
4767
4767
4767
4768
4768
4768
4768
4769
4769
4771
4771
4773
4773
4774
4774
4776
4777
4778
4779
4779
4783
4785
4786
4787
4787
4790
4790
4791
4795
4795
4798
4799
4799
4800
4801
4802
4802
4802
4803
4804
4805
4806
4807
4809
4811
4812
4815
4816
4816
4817
4818
4820
4820
4820
4820
4824
4827
4827
4828
4829
4831
4832
4832
4833
4833
4836
4838
4840
4840
4841
4842
4844
4844
4845
4846
4847
4847
4848
4848
4849
4850
4850
4851
4852
4852
4854
4855
4856
4861
4864
4865
4865
4866
4867
4867
4867
4867
4868
4868
4868
4870
4875
4877
4879
4880
4880
4881
4883
4885
4887
4888
4889
4889
4890
4891
4891
4892
4892
4895
4897
4898
4898
4900
4901
4901
4904
4904
4905
4905
4906
4912
4913
4914
4914
4915
4915
4917
4918
4918
4919
4920
4922
4923
4923
4923
4925
4925
4926
4927
4929
4929
4930
4931
4932
4932
4933
4935
4937
4940
4940
4941
4942
4942
4942
4944
4944
4947
4951
4953
4954
4954
4955
4957
4957
4957
4958
4960
4962
4965
4966
4966
4967
4970
4970
4970
4970
4971
4971
4971
4972
4973
4977
4977
4978
4980
4981
4982
4982
4982
4982
4983
4985
4986
4987
4987
4988
4988
4992
4993
4994
4994
4995
4995
4996
4997
4997
5002
5005
5006
5006
5006
5007
5007
5008
5009
5010
5011
5013
5013
5014
5016
5016
5016
5017
5017
5017
5018
5019
5020
5020
5020
5023
5023
5024
5025
5027
5027
5027
5029
5030
5031
5031
5031
5032
5032
5032
5033
5033
5034
5034
5035
5035
5035
5037
5039
5041
5041
5042
5043
5044
5044
5045
5045
5046
5046
5046
5047
5047
5047
5049
5050
5050
5051
5054
5054
5054
5055
5056
5057
5058
5058
5059
5060
5060
5061
5061
5062
5065
5066
5068
5069
5070
5073
5075
5075
5078
5079
5079
5081
5082
5084
5086
5086
5087
5087
5088
5090
5091
5092
5092
5094
5095
5095
5095
5096
5097
5098
5102
5102
5102
5103
5104
5104
5105
5105
5105
5108
5109
5109
5110
5110
5111
5113
5115
5117
5117
5118
5119
5120
5124
5124
5124
5125
5125
5125
5128
5129
5130
5130
5131
5132
5132
5133
5133
5133
5134
5135
5136
5136
5137
5139
5139
5140
5140
5142
5143
5144
5145
5146
5146
5148
5152
5154
5156
5156
5158
5159
5160
5160
5162
5163
5164
5167
5167
5171
5171
5171
5171
5171
5171
5174
5175
5177
5177
5177
5178
5179
5181
5182
5184
5186
5187
5187
5188
5189
5193
5193
5195
5195
5196
5197
5199
5201
5201
5202
5206
5207
5208
5210
5211
5211
5212
5212
5214
5218
5218
5219
5219
5221
5224
5227
5229
5229
5230
5236
5237
5238
5238
5238
5238
5239
5240
5242
5245
5247
5247
5247
5248
5249
5249
5250
5250
5251
5253
5254
5254
5255
5257
5259
5259
5262
5263
5264
5265
5267
5267
5268
5268
5269
5271
5272
5272
5273
5274
5274
5275
5276
5276
5276
5277
5278
5280
5280
5282
5283
5283
5285
5286
5287
5287
5288
5288
5289
5292
5294
5295
5296
5296
5297
5299
5299
5301
5301
5305
5307
5308
5308
5309
5315
5315
5315
5317
5321
5322
5323
5324
5324
5328
5329
5329
5331
5331
5332
5334
5334
5335
5339
5339
5340
5341
5342
5342
5342
5342
5345
5347
5347
5348
5348
5349
5350
5350
5351
5352
5354
5355
5356
5357
5357
5358
5359
5359
5361
5362
5364
5364
5365
5366
5366
5366
5367
5367
5367
5368
5368
5368
5368
5370
5370
5370
5370
5371
5372
5372
5373
5374
5374
5374
5375
5375
5378
5379
5380
5381
5381
5385
5387
5389
5390
5391
5392
5393
5393
5396
5397
5399
5399
5399
5399
5400
5402
5403
5403
5403
5408
5408
5408
5409
5410
5413
5413
5413
5415
5417
5418
5418
5419
5420
5422
5422
5423
5424
5424
5426
5426
5427
5427
5428
5429
5430
5431
5432
5432
5432
5433
5434
5434
5434
5435
5437
5439
5441
5442
5442
5443
5443
5445
5448
5448
5448
5449
5450
5450
5452
5452
5453
5454
5455
5456
5456
5458
5459
5460
5460
5460
5461
5465
5465
5465
5466
5467
5468
5468
5469
5470
5471
5471
5474
5474
5474
5475
5478
5480
5481
5483
5485
5485
5488
5489
5490
5490
5491
5491
5492
5493
5493
5496
5496
5496
5497
5497
5498
5498
5499
5500
5501
5502
5503
5504
5505
5506
5508
5509
5510
5511
5511
5512
5513
5513
5514
5516
5517
5517
5518
5518
5519
5519
5520
5520
5521
5521
5521
5522
5522
5523
5525
5526
5527
5528
5528
5529
5531
5531
5534
5535
5535
5536
5536
5538
5539
5539
5539
5540
5541
5541
5543
5544
5547
5549
5550
5551
5551
5553
5556
5556
5557
5558
5559
5561
5561
5562
5564
5566
5567
5567
5568
5570
5572
5572
5572
5573
5573
5573
5576
5576
5578
5580
5581
5583
5585
5585
5585
5586
5587
5588
5591
5592
5592
5593
5594
5595
5595
5597
5597
5600
5602
5603
5603
5604
5605
5605
5607
5608
5609
5609
5610
5610
5611
5612
5612
5616
5616
5616
5619
5622
5623
5623
5624
5627
5627
5629
5630
5630
5631
5632
5633
5633
5634
5636
5636
5638
5638
5638
5640
5640
5640
5640
5647
5648
5648
5649
5650
5653
5653
5654
5654
5655
5657
5657
5659
5661
5661
5661
5661
5662
5662
5663
5664
5664
5664
5666
5667
5668
5669
5670
5673
5673
5673
5674
5675
5677
5679
5681
5681
5683
5684
5685
5686
5686
5686
5690
5690
5691
5691
5692
5692
5693
5694
5697
5698
5698
5698
5699
5699
5699
5699
5700
5702
5702
5702
5702
5704
5704
5705
5706
5707
5707
5708
5709
5710
5710
5711
5712
5713
5715
5716
5720
5720
5720
5720
5721
5721
5722
5722
5725
5726
5730
5732
5732
5732
5732
5733
5734
5736
5737
5739
5740
5740
5740
5740
5741
5741
5741
5743
5743
5743
5743
5744
5744
5745
5745
5746
5747
5748
5748
5749
5750
5751
5752
5754
5754
5756
5756
5758
5760
5763
5765
5765
5765
5766
5767
5767
5768
5768
5771
5773
5774
5776
5777
5779
5779
5779
5779
5784
5785
5785
5787
5788
5788
5788
5789
5794
5794
5795
5795
5795
5796
5798
5799
5801
5803
5803
5805
5806
5808
5808
5808
5813
5813
5813
5813
5814
5816
5816
5816
5816
5817
5817
5818
5818
5820
5820
5820
5821
5823
5824
5827
5827
5830
5831
5832
5835
5835
5838
5840
5840
5842
5843
5844
5846
5847
5847
5847
5848
5850
5850
5850
5852
5853
5856
5857
5857
5857
5858
5858
5859
5860
5861
5862
5863
5864
5864
5864
5864
5864
5866
5866
5866
5867
5867
5867
5867
5868
5871
5873
5874
5875
5877
5878
5879
5880
5881
5884
5886
5886
5888
5889
5890
5890
5891
5892
5894
5895
5895
5896
5897
5898
5904
5905
5905
5905
5907
5908
5909
5909
5909
5910
5914
5914
5918
5921
5921
5922
5922
5922
5923
5926
5927
5928
5930
5931
5931
5937
5938
5940
5942
5942
5944
5946
5949
5950
5952
5953
5954
5954
5955
5955
5957
5957
5958
5961
5963
5965
5967
5969
5969
5969
5971
5971
5971
5972
5973
5978
5981
5982
5983
5985
5986
5986
5987
5989
5990
5990
5991
5991
5992
5995
5995
5995
5997
6001
6001
6002
6003
6003
6005
6007
6008
6008
6009
6011
6011
6014
6015
6016
6016
6017
6018
6018
6019
6021
6022
6022
6022
6023
6026
6029
6029
6030
6031
6033
6034
6035
6036
6038
6038
6039
6041
6041
6041
6041
6041
6042
6046
6047
6048
6048
6049
6049
6050
6050
6051
6052
6052
6052
6052
6054
6054
6055
6056
6056
6056
6056
6057
6058
6059
6060
6060
6061
6065
6066
6068
6068
6068
6068
6073
6073
6073
6074
6074
6074
6078
6078
6079
6080
6081
6082
6085
6088
6088
6088
6091
6092
6092
6092
6092
6092
6093
6093
6096
6096
6097
6097
6097
6098
6098
6100
6100
6100
6101
6101
6103
6103
6104
6105
6105
6106
6106
6107
6108
6108
6109
6112
6112
6114
6114
6114
6114
6115
6115
6116
6116
6116
6116
6117
6117
6117
6121
6121
6122
6123
6126
6126
6127
6127
6129
6130
6130
6130
6132
6132
6133
6133
6133
6135
6138
6139
6140
6140
6141
6143
6143
6144
6144
6144
6145
6147
6147
6148
6149
6149
6150
6153
6153
6153
6155
6155
6156
6158
6160
6160
6161
6163
6163
6163
6164
6164
6165
6166
6170
6170
6170
6171
6172
6174
6175
6175
6176
6177
6180
6180
6181
6183
6184
6188
6190
6191
6192
6192
6192
6193
6193
6194
6194
6194
6195
6196
6197
6198
6198
6199
6200
6201
6201
6204
6204
6205
6206
6208
6211
6212
6214
6214
6214
6214
6215
6215
6217
6218
6221
6221
6221
6222
6224
6224
6226
6232
6238
6241
6242
6242
6243
6243
6245
6250
6250
6251
6252
6256
6257
6259
6259
6259
6260
6260
6261
6262
6263
6265
6267
6268
6268
6268
6269
6269
6270
6270
6271
6273
6274
6274
6274
6275
6276
6277
6279
6283
6285
6285
6288
6290
6292
6294
6297
6300
6301
6304
6304
6305
6307
6307
6308
6308
6310
6310
6310
6312
6313
6313
6314
6315
6316
6317
6317
6317
6320
6320
6321
6323
6323
6325
6325
6326
6327
6329
6329
6330
6331
6334
6336
6340
6342
6342
6343
6343
6343
6343
6344
6345
6351
6351
6352
6353
6353
6353
6354
6354
6355
6355
6356
6356
6357
6358
6358
6358
6358
6360
6360
6360
6361
6364
6365
6367
6368
6368
6368
6368
6372
6372
6374
6374
6375
6375
6376
6376
6378
6378
6379
6379
6381
6382
6383
6383
6383
6383
6384
6385
6386
6387
6387
6387
6390
6390
6392
6393
6395
6396
6396
6397
6397
6398
6399
6400
6401
6402
6403
6403
6404
6405
6406
6408
6408
6408
6408
6409
6409
6413
6413
6414
6414
6414
6415
6416
6417
6418
6419
6420
6420
6420
6420
6421
6421
6425
6428
6429
6429
6431
6434
6436
6439
6439
6439
6440
6441
6441
6441
6442
6443
6443
6444
6444
6445
6446
6446
6446
6447
6448
6449
6454
6456
6457
6457
6457
6458
6459
6459
6462
6464
6464
6465
6467
6468
6468
6469
6470
6471
6472
6473
6474
6475
6475
6475
6479
6480
6480
6481
6484
6484
6485
6486
6488
6488
6489
6490
6491
6491
6491
6492
6492
6492
6492
6493
6493
6494
6496
6497
6498
6498
6499
6499
6499
6500
6501
6503
6504
6504
6505
6505
6507
6508
6510
6511
6511
6511
6512
6512
6515
6515
6515
6516
6518
6520
6521
6523
6526
6527
6530
6530
6533
6535
6535
6535
6536
6536
6537
6537
6539
6542
6542
6543
6545
6545
6546
6547
6548
6548
6549
6550
6551
6551
6552
6553
6553
6554
6556
6559
6559
6561
6561
6561
6563
6564
6564
6568
6570
6570
6570
6570
6574
6577
6577
6578
6579
6579
6580
6585
6585
6585
6587
6587
6590
6590
6596
6598
6598
6600
6600
6600
6601
6603
6603
6603
6603
6604
6604
6605
6605
6606
6607
6607
6608
6611
6611
6612
6615
6615
6616
6617
6617
6618
6618
6621
6621
6621
6621
6623
6624
6625
6626
6627
6632
6632
6634
6634
6635
6638
6640
6642
6643
6643
6647
6647
6649
6650
6650
6651
6652
6653
6654
6654
6654
6655
6655
6656
6656
6657
6657
6658
6658
6659
6659
6660
6663
6664
6664
6664
6665
6667
6668
6670
6673
6673
6675
6677
6677
6678
6678
6680
6680
6683
6684
6684
6685
6685
6685
6685
6687
6689
6692
6694
6694
6696
6696
6697
6698
6700
6701
6701
6701
6702
6703
6705
6705
6705
6706
6707
6708
6708
6709
6710
6710
6712
6712
6715
6716
6719
6721
6722
6723
6723
6725
6726
6726
6728
6729
6729
6729
6729
6730
6730
6733
6735
6737
6737
6738
6743
6744
6745
6745
6745
6745
6745
6747
6749
6749
6752
6752
6754
6755
6756
6756
6757
6757
6758
6758
6759
6760
6761
6762
6762
6762
6763
6764
6764
6764
6764
6767
6767
6768
6768
6771
6772
6772
6774
6775
6775
6776
6777
6778
6782
6785
6787
6787
6788
6788
6789
6792
6793
6793
6794
6794
6797
6797
6799
6800
6800
6800
6801
6802
6807
6808
6810
6811
6811
6812
6812
6813
6814
6815
6815
6817
6818
6819
6819
6821
6821
6821
6821
6821
6822
6822
6822
6823
6824
6827
6828
6830
6831
6833
6833
6833
6834
6835
6835
6835
6835
6836
6837
6837
6838
6840
6841
6841
6841
6842
6842
6842
6844
6846
6846
6846
6847
6850
6851
6852
6853
6853
6856
6858
6858
6858
6858
6859
6859
6859
6860
6861
6862
6862
6863
6863
6863
6864
6865
6866
6867
6867
6867
6868
6868
6869
6869
6870
6872
6876
6878
6878
6878
6880
6881
6884
6884
6885
6885
6887
6887
6888
6889
6889
6890
6890
6890
6891
6891
6894
6895
6896
6897
6901
6901
6902
6903
6903
6903
6904
6904
6905
6907
6907
6908
6910
6911
6913
6913
6914
6918
6918
6920
6922
6922
6925
6927
6927
6928
6929
6929
6929
6930
6931
6931
6935
6935
6937
6942
6942
6943
6945
6946
6946
6947
6948
6948
6949
6949
6950
6950
6952
6953
6953
6955
6955
6955
6955
6955
6956
6956
6956
6957
6959
6959
6960
6962
6962
6962
6963
6963
6965
6967
6969
6970
6974
6974
6975
6976
6982
6982
6984
6985
6986
6986
6991
6993
6993
6993
6993
6994
6995
6996
6997
6997
6998
6999
7000
7001
7002
7002
7003
7004
7005
7006
7009
7010
7010
7011
7012
7012
7015
7015
7016
7017
7017
7018
7019
7019
7019
7020
7020
7021
7021
7021
7021
7022
7022
7022
7023
7023
7025
7026
7026
7028
7030
7031
7031
7031
7032
7034
7035
7035
7036
7037
7037
7039
7040
7041
7044
7045
7046
7047
7048
7050
7052
7053
7054
7056
7056
7057
7057
7057
7058
7060
7060
7062
7062
7062
7065
7065
7066
7066
7067
7073
7076
7078
7079
7080
7084
7086
7086
7088
7090
7091
7091
7093
7093
7093
7093
7094
7094
7094
7095
7098
7100
7101
7101
7102
7102
7102
7103
7103
7103
7103
7106
7107
7109
7109
7110
7113
7115
7116
7116
7116
7117
7120
7121
7121
7122
7123
7123
7124
7125
7126
7126
7126
7130
7131
7132
7133
7133
7134
7134
7135
7138
7139
7140
7140
7141
7141
7143
7145
7145
7146
7146
7147
7148
7149
7150
7150
7151
7153
7154
7156
7158
7159
7159
7159
7160
7161
7161
7161
7162
7163
7165
7167
7169
7170
7171
7171
7171
7172
7175
7175
7176
7176
7176
7176
7177
7179
7179
7180
7180
7181
7181
7185
7185
7186
7187
7187
7187
7188
7188
7188
7190
7190
7190
7190
7191
7191
7193
7195
7195
7196
7197
7197
7199
7201
7201
7201
7201
7202
7203
7205
7206
7206
7206
7206
7207
7207
7208
7211
7211
7213
7214
7214
7215
7215
7216
7217
7218
7218
7222
7223
7223
7226
7228
7229
7230
7230
7230
7230
7231
7233
7233
7234
7234
7236
7239
7242
7242
7242
7242
7244
7245
7246
7246
7247
7247
7248
7249
7249
7250
7252
7253
7254
7254
7254
7254
7257
7257
7258
7262
7264
7264
7265
7266
7267
7269
7270
7270
7272
7273
7274
7275
7276
7280
7282
7283
7285
7287
7287
7287
7287
7287
7288
7290
7290
7290
7292
7293
7294
7295
7295
7296
7297
7298
7298
7299
7301
7301
7303
7305
7306
7308
7310
7310
7310
7312
7315
7316
7316
7317
7322
7323
7325
7326
7326
7328
7329
7331
7331
7333
7335
7340
7341
7341
7343
7345
7346
7348
7349
7350
7350
7350
7350
7351
7352
7352
7354
7354
7357
7357
7358
7359
7359
7359
7361
7362
7363
7364
7364
7365
7366
7367
7369
7370
7372
7373
7374
7375
7376
7376
7376
7378
7378
7378
7380
7382
7383
7384
7385
7385
7386
7387
7388
7392
7392
7392
7394
7394
7395
7397
7397
7397
7399
7399
7401
7402
7402
7403
7404
7405
7406
7407
7409
7410
7410
7413
7414
7417
7418
7418
7419
7420
7420
7421
7421
7421
7422
7422
7423
7424
7425
7427
7427
7428
7429
7430
7431
7431
7433
7434
7434
7434
7434
7435
7439
7439
7443
7444
7444
7445
7447
7447
7447
7447
7447
7448
7448
7448
7449
7449
7451
7452
7453
7453
7453
7454
7456
7456
7457
7457
7458
7459
7460
7460
7461
7463
7463
7465
7466
7467
7468
7470
7470
7471
7471
7472
7472
7473
7473
7473
7473
7475
7475
7476
7480
7481
7482
7483
7484
7484
7484
7484
7485
7487
7487
7488
7489
7491
7491
7492
7492
7492
7493
7494
7494
7497
7498
7499
7500
7503
7505
7507
7510
7512
7512
7512
7514
7514
7515
7516
7519
7519
7522
7523
7523
7524
7525
7526
7527
7527
7528
7529
7530
7531
7532
7532
7533
7535
7535
7535
7536
7536
7538
7539
7539
7540
7541
7542
7542
7543
7543
7545
7547
7548
7548
7549
7550
7550
7553
7554
7555
7555
7558
7558
7561
7561
7567
7568
7568
7569
7569
7570
7571
7572
7572
7572
7574
7575
7575
7576
7576
7576
7576
7579
7580
7580
7582
7582
7584
7585
7585
7587
7588
7589
7589
7589
7590
7591
7593
7594
7595
7596
7597
7597
7599
7602
7603
7605
7606
7606
7607
7608
7608
7608
7608
7610
7613
7614
7614
7614
7615
7619
7620
7621
7622
7623
7624
7625
7625
7627
7628
7629
7629
7629
7629
7632
7633
7634
7635
7636
7636
7637
7639
7640
7640
7642
7642
7643
7643
7643
7645
7646
7646
7647
7647
7648
7648
7650
7650
7651
7652
7652
7652
7653
7654
7658
7658
7658
7660
7660
7660
7662
7662
7663
7665
7666
7667
7668
7668
7671
7674
7676
7677
7677
7677
7678
7679
7680
7681
7682
7683
7689
7690
7692
7692
7695
7696
7698
7698
7698
7700
7700
7702
7702
7703
7704
7704
7705
7706
7707
7708
7708
7709
7711
7713
7713
7714
7715
7715
7717
7717
7717
7718
7721
7721
7722
7722
7722
7722
7724
7725
7725
7725
7727
7727
7727
7727
7728
7729
7729
7729
7731
7731
7732
7733
7733
7733
7735
7738
7741
7742
7742
7742
7743
7743
7745
7745
7746
7749
7749
7750
7751
7752
7755
7757
7759
7760
7761
7762
7764
7765
7765
7766
7766
7769
7769
7771
7773
7778
7778
7781
7782
7784
7785
7785
7786
7788
7790
7792
7792
7793
7793
7795
7795
7800
7800
7801
7801
7801
7801
7805
7805
7805
7806
7808
7809
7809
7810
7813
7814
7814
7816
7817
7818
7819
7819
7820
7820
7825
7825
7825
7826
7827
7828
7831
7832
7832
7833
7835
7836
7836
7836
7837
7838
7839
7839
7841
7841
7842
7842
7844
7846
7848
7849
7849
7849
7851
7851
7851
7852
7853
7854
7854
7856
7856
7860
7861
7861
7862
7863
7863
7864
7866
7867
7868
7868
7869
7869
7870
7872
7872
7872
7873
7873
7874
7875
7876
7877
7878
7880
7881
7881
7882
7882
7883
7884
7885
7886
7887
7890
7892
7893
7893
7893
7893
7894
7894
7894
7894
7894
7895
7895
7897
7899
7899
7901
7902
7903
7904
7908
7908
7908
7909
7909
7910
7910
7913
7916
7917
7917
7918
7918
7918
7919
7920
7921
7923
7924
7925
7925
7927
7927
7928
7928
7930
7930
7932
7933
7934
7936
7937
7937
7938
7938
7939
7940
7942
7942
7943
7945
7946
7947
7947
7947
7947
7949
7950
7951
7953
7954
7954
7956
7956
7957
7959
7960
7961
7961
7961
7961
7962
7963
7966
7967
7968
7968
7971
7972
7974
7975
7975
7975
7976
7976
7977
7977
7978
7978
7978
7978
7980
7980
7981
7981
7981
7982
7984
7985
7986
7986
7986
7987
7989
7991
7991
7994
7994
7995
7995
7995
7996
7996
7997
8000
8000
8002
8002
8003
8003
8006
8006
8006
8009
8009
8011
8011
8012
8012
8013
8014
8015
8015
8019
8020
8022
8024
8024
8024
8027
8027
8028
8029
8029
8029
8030
8031
8032
8032
8033
8035
8035
8036
8037
8041
8043
8044
8044
8045
8046
8046
8047
8047
8048
8049
8050
8051
8051
8052
8052
8054
8054
8054
8054
8056
8057
8057
8058
8059
8060
8060
8060
8062
8063
8064
8064
8065
8066
8067
8067
8067
8068
8068
8070
8070
8070
8071
8071
8072
8074
8075
8076
8077
8078
8078
8078
8082
8082
8084
8084
8087
8088
8090
8091
8091
8093
8094
8096
8096
8096
8098
8098
8098
8099
8099
8101
8103
8103
8103
8103
8106
8106
8107
8108
8110
8112
8113
8114
8114
8114
8114
8115
8116
8117
8117
8119
8121
8122
8122
8126
8127
8130
8132
8132
8133
8134
8135
8135
8136
8138
8138
8138
8141
8141
8141
8141
8142
8142
8144
8145
8146
8147
8149
8151
8151
8151
8153
8154
8154
8155
8155
8157
8159
8160
8161
8161
8161
8162
8165
8165
8165
8166
8167
8168
8169
8169
8172
8172
8173
8175
8175
8178
8178
8178
8180
8181
8181
8182
8182
8183
8186
8188
8191
8193
8194
8194
8195
8195
8196
8196
8197
8197
8197
8198
8200
8201
8206
8208
8208
8208
8211
8211
8214
8216
8219
8220
8220
8220
8221
8222
8223
8223
8226
8227
8227
8229
8231
8231
8231
8234
8234
8236
8237
8238
8238
8238
8242
8244
8245
8247
8248
8249
8249
8250
8250
8250
8251
8252
8253
8254
8255
8259
8260
8261
8262
8263
8266
8268
8268
8271
8273
8275
8276
8277
8278
8280
8280
8280
8282
8283
8283
8284
8284
8286
8287
8288
8289
8289
8290
8291
8292
8292
8293
8294
8296
8299
8302
8302
8303
8306
8306
8307
8307
8307
8307
8308
8308
8309
8309
8311
8312
8316
8318
8320
8320
8321
8322
8322
8323
8323
8325
8325
8326
8326
8327
8330
8330
8331
8332
8332
8334
8335
8336
8336
8337
8337
8337
8338
8339
8340
8342
8343
8343
8344
8345
8346
8346
8346
8347
8347
8347
8347
8348
8349
8349
8350
8351
8352
8353
8354
8355
8356
8359
8359
8364
8367
8368
8368
8368
8369
8369
8371
8372
8373
8373
8374
8374
8375
8375
8375
8376
8378
8379
8380
8380
8380
8382
8383
8384
8384
8385
8388
8389
8390
8391
8393
8393
8393
8396
8396
8398
8400
8400
8401
8401
8401
8404
8405
8407
8410
8411
8413
8414
8415
8415
8416
8418
8419
8419
8422
8422
8424
8425
8429
8429
8429
8429
8430
8430
8430
8432
8432
8434
8436
8439
8439
8440
8443
8444
8444
8444
8445
8445
8446
8447
8448
8449
8449
8449
8452
8454
8455
8457
8459
8460
8461
8461
8461
8465
8465
8465
8465
8466
8466
8468
8468
8468
8470
8470
8471
8474
8474
8477
8479
8479
8481
8484
8484
8488
8490
8490
8490
8490
8491
8493
8493
8494
8494
8494
8495
8496
8497
8498
8499
8500
8500
8502
8502
8503
8503
8504
8505
8507
8507
8507
8508
8509
8509
8511
8513
8514
8515
8515
8517
8518
8519
8521
8522
8522
8524
8525
8527
8527
8528
8528
8529
8530
8531
8533
8534
8536
8536
8536
8536
8539
8539
8540
8540
8541
8542
8543
8544
8544
8546
8546
8547
8547
8548
8548
8552
8552
8553
8554
8558
8558
8558
8558
8558
8560
8563
8565
8566
8567
8569
8570
8573
8575
8575
8576
8576
8576
8577
8578
8579
8579
8580
8581
8583
8583
8584
8586
8586
8586
8587
8587
8587
8588
8588
8590
8590
8591
8591
8591
8592
8593
8596
8597
8599
8601
8602
8602
8602
8604
8606
8607
8609
8610
8611
8611
8613
8616
8616
8620
8620
8622
8623
8626
8629
8629
8630
8633
8634
8634
8634
8635
8635
8637
8637
8639
8639
8641
8642
8642
8642
8646
8647
8648
8650
8650
8650
8651
8651
8654
8655
8655
8655
8655
8655
8655
8658
8660
8661
8661
8661
8662
8663
8663
8664
8666
8667
8667
8668
8668
8668
8670
8671
8675
8678
8679
8679
8680
8682
8683
8685
8685
8686
8687
8689
8690
8692
8694
8695
8696
8696
8698
8698
8698
8699
8700
8700
8700
8701
8702
8703
8704
8704
8704
8705
8705
8708
8708
8709
8710
8711
8711
8711
8712
8713
8714
8714
8715
8718
8718
8719
8720
8722
8724
8725
8726
8727
8727
8727
8728
8730
8731
8731
8733
8734
8735
8735
8736
8737
8738
8738
8739
8739
8740
8740
8740
8743
8744
8744
8744
8746
8746
8747
8748
8748
8748
8749
8750
8750
8751
8752
8752
8752
8753
8756
8756
8756
8757
8758
8758
8759
8761
8761
8762
8763
8763
8764
8766
8766
8766
8769
8769
8769
8769
8771
8773
8774
8774
8774
8775
8783
8785
8785
8786
8787
8787
8788
8789
8791
8794
8794
8794
8797
8799
8800
8801
8801
8802
8802
8806
8807
8807
8807
8808
8808
8811
8812
8814
8815
8815
8816
8816
8817
8818
8819
8819
8819
8820
8821
8824
8824
8824
8825
8825
8826
8828
8829
8829
8829
8831
8831
8831
8831
8831
8831
8833
8834
8835
8838
8839
8840
8843
8844
8844
8844
8846
8846
8847
8848
8850
8851
8853
8853
8853
8854
8855
8857
8858
8859
8861
8861
8861
8862
8862
8863
8863
8863
8864
8864
8865
8866
8866
8867
8867
8868
8868
8868
8869
8870
8871
8871
8872
8873
8873
8873
8874
8874
8874
8876
8876
8877
8878
8878
8879
8880
8881
8885
8885
8886
8887
8890
8890
8892
8900
8904
8904
8904
8905
8906
8907
8908
8910
8910
8911
8911
8912
8912
8912
8917
8917
8918
8918
8919
8919
8920
8922
8922
8923
8924
8924
8924
8926
8929
8929
8930
8930
8930
8932
8932
8932
8933
8933
8933
8937
8940
8941
8941
8942
8942
8944
8945
8945
8945
8949
8949
8949
8950
8952
8953
8955
8956
8956
8956
8957
8959
8961
8962
8962
8962
8963
8964
8964
8967
8967
8967
8968
8970
8971
8972
8972
8973
8973
8973
8975
8975
8976
8978
8978
8978
8978
8979
8980
8981
8982
8984
8986
8987
8989
8992
8993
8993
8994
8998
8998
9000
9002
9003
9005
9007
9007
9007
9007
9010
9017
9017
9019
9019
9020
9020
9022
9022
9023
9024
9024
9025
9026
9027
9027
9027
9029
9029
9029
9032
9033
9033
9034
9034
9036
9037
9038
9039
9040
9042
9043
9046
9046
9046
9046
9046
9046
9047
9047
9048
9048
9049
9052
9053
9055
9055
9055
9055
9056
9056
9057
9058
9058
9059
9059
9060
9061
9062
9063
9064
9064
9064
9064
9065
9065
9068
9068
9068
9068
9069
9069
9070
9071
9072
9072
9072
9073
9075
9075
9075
9078
9080
9080
9082
9084
9088
9088
9088
9089
9090
9090
9090
9091
9094
9098
9098
9099
9102
9103
9104
9105
9107
9107
9108
9108
9108
9109
9110
9112
9115
9117
9119
9120
9123
9123
9124
9124
9126
9126
9126
9127
9127
9127
9129
9132
9132
9132
9132
9133
9133
9135
9136
9136
9138
9139
9141
9141
9143
9148
9149
9151
9155
9156
9157
9157
9158
9159
9160
9161
9161
9161
9162
9165
9165
9166
9167
9168
9169
9170
9171
9172
9172
9174
9174
9175
9175
9175
9176
9176
9177
9177
9177
9179
9179
9180
9184
9184
9184
9185
9185
9186
9186
9186
9188
9188
9189
9189
9194
9195
9196
9196
9198
9198
9198
9200
9202
9202
9203
9204
9204
9205
9206
9206
9208
9208
9209
9210
9210
9214
9215
9216
9216
9217
9217
9217
9220
9221
9221
9222
9223
9227
9227
9228
9229
9229
9231
9232
9233
9233
9233
9234
9237
9239
9243
9244
9245
9249
9250
9251
9251
9253
9253
9253
9254
9255
9256
9258
9259
9259
9260
9262
9262
9263
9263
9265
9268
9272
9272
9275
9276
9279
9280
9281
9282
9282
9282
9284
9284
9287
9288
9288
9288
9289
9290
9291
9293
9299
9301
9301
9302
9302
9303
9304
9307
9307
9309
9311
9312
9312
9312
9313
9315
9316
9317
9319
9319
9319
9322
9323
9324
9325
9325
9326
9326
9329
9329
9335
9335
9336
9337
9337
9338
9338
9339
9342
9344
9344
9345
9345
9345
9345
9346
9347
9347
9348
9348
9351
9352
9356
9356
9356
9357
9357
9359
9360
9362
9363
9365
9365
9365
9365
9366
9366
9366
9367
9368
9368
9369
9371
9373
9374
9375
9377
9378
9378
9379
9380
9384
9385
9385
9385
9386
9386
9388
9388
9389
9390
9391
9394
9394
9395
9395
9396
9401
9406
9407
9407
9407
9408
9409
9411
9413
9413
9413
9414
9415
9415
9418
9418
9419
9420
9422
9422
9424
9424
9426
9426
9427
9429
9429
9430
9430
9430
9433
9435
9435
9436
9438
9439
9441
9441
9442
9443
9443
9444
9445
9446
9446
9448
9448
9448
9449
9449
9450
9451
9452
9452
9452
9452
9453
9454
9455
9456
9456
9456
9457
9458
9458
9458
9459
9459
9459
9464
9464
9466
9466
9467
9467
9469
9471
9473
9474
9476
9477
9477
9479
9480
9482
9482
9482
9484
9485
9485
9486
9486
9486
9488
9488
9489
9490
9490
9491
9491
9493
9493
9494
9494
9494
9495
9495
9495
9496
9497
9498
9499
9499
9502
9503
9504
9506
9509
9510
9512
9512
9513
9515
9517
9517
9517
9518
9519
9520
9521
9521
9521
9521
9522
9522
9523
9524
9525
9525
9526
9527
9527
9527
9528
9532
9532
9533
9535
9536
9537
9538
9538
9540
9540
9541
9542
9542
9543
9544
9544
9545
9545
9545
9547
9548
9549
9549
9549
9549
9554
9555
9555
9556
9559
9560
9560
9561
9562
9562
9563
9563
9563
9563
9563
9564
9566
9567
9567
9570
9571
9573
9576
9577
9578
9578
9581
9582
9582
9585
9586
9586
9589
9589
9592
9593
9593
9596
9600
9600
9601
9601
9601
9601
9601
9602
9603
9603
9604
9605
9606
9607
9607
9609
9610
9610
9612
9614
9614
9615
9616
9617
9618
9618
9620
9621
9621
9622
9622
9623
9623
9623
9625
9628
9628
9629
9630
9630
9631
9631
9633
9634
9634
9635
9636
9636
9636
9639
9639
9640
9640
9640
9642
9642
9643
9643
9646
9649
9650
9653
9654
9657
9659
9660
9662
9662
9662
9662
9662
9663
9664
9664
9665
9665
9666
9666
9667
9667
9669
9670
9671
9672
9672
9672
9674
9674
9675
9676
9676
9678
9678
9679
9681
9682
9683
9684
9685
9685
9687
9688
9689
9689
9690
9691
9691
9691
9695
9695
9696
9696
9700
9701
9702
9703
9703
9704
9706
9707
9710
9711
9712
9714
9715
9716
9719
9719
9719
9719
9721
9721
9722
9723
9723
9724
9725
9725
9726
9726
9728
9728
9729
9730
9733
9733
9733
9734
9735
9735
9738
9739
9740
9742
9744
9746
9747
9749
9750
9754
9754
9754
9755
9756
9757
9759
9759
9761
9762
9762
9765
9765
9766
9768
9769
9769
9770
9771
9771
9771
9773
9774
9774
9776
9779
9780
9780
9781
9783
9783
9783
9784
9786
9787
9787
9787
9787
9788
9789
9789
9790
9791
9791
9792
9792
9792
9794
9795
9796
9796
9799
9801
9805
9807
9809
9809
9810
9812
9813
9813
9814
9816
9816
9816
9818
9819
9821
9821
9821
9821
9822
9822
9824
9824
9825
9825
9826
9827
9827
9829
9829
9832
9833
9833
9834
9834
9836
9836
9838
9838
9838
9840
9841
9841
9841
9841
9842
9843
9843
9844
9845
9846
9846
9846
9847
9850
9851
9851
9853
9853
9855
9856
9859
9859
9863
9864
9864
9865
9868
9869
9870
9874
9876
9876
9877
9878
9879
9880
9881
9881
9882
9882
9884
9884
9885
9886
9887
9887
9888
9889
9889
9892
9893
9894
9894
9894
9895
9895
9896
9896
9898
9899
9899
9900
9900
9900
9903
9903
9904
9904
9904
9905
9906
9909
9910
9910
9910
9910
9911
9911
9911
9913
9913
9914
9916
9918
9919
9919
9919
9920
9920
9923
9927
9928
9928
9932
9934
9934
9935
9936
9936
9937
9937
9939
9939
9939
9940
9941
9941
9942
9943
9943
9944
9945
9945
9945
9946
9946
9947
9947
9948
9948
9948
9949
9949
9949
9949
9950
9950
9951
9951
9954
9955
9955
9957
9957
9958
9959
9960
9960
9962
9964
9964
9965
9965
9965
9966
9967
9968
9968
9968
9968
9968
9970
9970
9971
9971
9971
9971
9972
9974
9975
9975
9975
9975
9976
9976
9978
9981
9981
9982
9983
9984
9984
9986
9986
9989
9990
9990
9993
9993
9993
9994
9994
9995
9995
9996
9998
9999
9999
10000
